2020-12-15 15:50:07.622158 +0000 > starting log
2020-12-15 15:50:07.623284 +0000 build-fedora1: > starting build with log
2020-12-15 15:50:07.623359 +0000 build-fedora1: >> make args: update-repo-current
2020-12-15 15:50:07.623411 +0000 build-fedora1: >> MAKEFLAGS=
2020-12-15 15:50:07.623462 +0000 build-fedora1: >> COMPONENTS=rofi
2020-12-15 15:50:07.623582 +0000 build-fedora1: >> DISTS_VM=
2020-12-15 15:50:07.623632 +0000 build-fedora1: >> DIST_DOM0=
2020-12-15 15:50:07.623692 +0000 build-fedora1: >> qubes-builder 707dc398103f6863d22049ceb4e99a7d9457495b
2020-12-15 15:50:07.623757 +0000 build-fedora1: >> qubes-builder/qubes-src/rofi 8ad2cda72b8e5d0faf85ff0724f11419801543ed
2020-12-15 15:50:07.623813 +0000 build-fedora1: !! pkgs/dom0-fc25/rofi-1.5.4-1.fc25.x86_64.rpm
2020-12-15 15:50:07.623868 +0000 build-fedora1: !! pkgs/dom0-fc25/rofi-1.6.0-1.fc25.src.rpm
2020-12-15 15:50:07.623925 +0000 build-fedora1: !! pkgs/dom0-fc25/rofi-1.6.0-1.fc25.x86_64.buildinfo
2020-12-15 15:50:07.623980 +0000 build-fedora1: !! pkgs/dom0-fc25/rofi-1.6.0-1.fc25.x86_64.rpm
2020-12-15 15:50:07.624038 +0000 build-fedora1: !! pkgs/dom0-fc25/rofi-debuginfo-1.5.4-1.fc25.x86_64.rpm
2020-12-15 15:50:07.624095 +0000 build-fedora1: !! pkgs/dom0-fc25/rofi-debuginfo-1.6.0-1.fc25.x86_64.rpm
2020-12-15 15:50:07.624151 +0000 build-fedora1: !! pkgs/dom0-fc25/rofi-devel-1.5.4-1.fc25.x86_64.rpm
2020-12-15 15:50:07.624208 +0000 build-fedora1: !! pkgs/dom0-fc25/rofi-devel-1.6.0-1.fc25.x86_64.rpm
2020-12-15 15:50:07.624266 +0000 build-fedora1: !! pkgs/dom0-fc25/rofi-devel-doc-1.5.4-1.fc25.noarch.rpm
2020-12-15 15:50:07.624324 +0000 build-fedora1: !! pkgs/dom0-fc25/rofi-devel-doc-1.6.0-1.fc25.noarch.rpm
2020-12-15 15:50:07.624381 +0000 build-fedora1: !! pkgs/dom0-fc25/rofi-themes-1.5.4-1.fc25.noarch.rpm
2020-12-15 15:50:07.624437 +0000 build-fedora1: !! pkgs/dom0-fc25/rofi-themes-1.6.0-1.fc25.noarch.rpm
2020-12-15 15:50:07.624537 +0000 build-fedora1: !! pkgs/dom0-fc25/rofi.spec.list
2020-12-15 15:50:07.624601 +0000 build-fedora1: !! rofi-1.5.4.tar.gz
2020-12-15 15:50:07.624649 +0000 build-fedora1: !! rofi-1.6.0.tar.gz
2020-12-15 15:50:07.624757 +0000 build-fedora1: 276edfeb6a9994e610639b64925e00201fdd39e72ba11356d8024307664668c3731eb1c6b756a0cdc9cfd3a8c0d1b361a2d6b03875471c7ad7f705029be4c7c3  pkgs/dom0-fc25/rofi-1.5.4-1.fc25.x86_64.rpm
2020-12-15 15:50:07.624858 +0000 build-fedora1: dc0a2aae774baaec3fcdf55639ebe15c4e1b9257e58670b3eacbd5ea1fb0ebf0290b4dcc05d9425a3b1b9c0eb3d02bd62a177fea3a7cd6d653abe72e0512923e  pkgs/dom0-fc25/rofi-1.6.0-1.fc25.src.rpm
2020-12-15 15:50:07.624959 +0000 build-fedora1: cce820fce0b0e1cdce3377ab0ebf6d87e7e27da54c991ce0d6216e06a0520c0f460c3f01dc305f791e18cac87fdcde9a205498a4b87d220ea9462ed85dcd98a6  pkgs/dom0-fc25/rofi-1.6.0-1.fc25.x86_64.buildinfo
2020-12-15 15:50:07.625058 +0000 build-fedora1: 41530c53c19cbd88dcced157b736bdc4ac51aff3669ac5a2eeb4ce349ee9f3f87500851a61619d00148c4296b45ad6af6e6c75a6c893407d40d54d15caf75437  pkgs/dom0-fc25/rofi-1.6.0-1.fc25.x86_64.rpm
2020-12-15 15:50:07.625160 +0000 build-fedora1: 7413e4c984172a8ad62877f54b7d45f1da4431b302d04b83ed80b214f6245cf68dd77895f5c2ca64dc5f51f2894fd63ca3568d9b3093639dee0d83e10e8cf251  pkgs/dom0-fc25/rofi-debuginfo-1.5.4-1.fc25.x86_64.rpm
2020-12-15 15:50:07.625268 +0000 build-fedora1: f671b59880b206afa95a146a2e765c47268b4a651b772c42f670228ad4c6606672bac747fe25d73c5fa2cae55d0ea7676def0d6cece86e8ad210412eb2ceb312  pkgs/dom0-fc25/rofi-debuginfo-1.6.0-1.fc25.x86_64.rpm
2020-12-15 15:50:07.625369 +0000 build-fedora1: 1443cb29deeb8d4cd233a50b7cf9c73ee6dbd259de95499fa6a651917fdff7a60922af17a22641bc838e03f0a24a5288c91daaa74c449f22f5cc6709f316d38a  pkgs/dom0-fc25/rofi-devel-1.5.4-1.fc25.x86_64.rpm
2020-12-15 15:50:07.625470 +0000 build-fedora1: 2eb968eaed9cb2618be6ed0232d53db0f205226055c8e07e90a0b92594cea66b63b38f5eddc9a9c010323b1e84780a47e2289610956740484494b43c2dac9c8b  pkgs/dom0-fc25/rofi-devel-1.6.0-1.fc25.x86_64.rpm
2020-12-15 15:50:07.625632 +0000 build-fedora1: ce3bfb9418aa68fee0db67b09962beef6239753732bea10baf766a2f049cf5a96642a7623a29316922f11bafeb5673cfe0bfa1c592551a2716524b9832ff8dbe  pkgs/dom0-fc25/rofi-devel-doc-1.5.4-1.fc25.noarch.rpm
2020-12-15 15:50:07.625799 +0000 build-fedora1: 41096895033b42b3400f5c92c9449f5a8965384f0d3efd30ce1c9d7c197a9dcbcddfcf88d400303b3599d39d7195f508e008b129e83b6c9fdbb6990a65e73fa7  pkgs/dom0-fc25/rofi-devel-doc-1.6.0-1.fc25.noarch.rpm
2020-12-15 15:50:07.625912 +0000 build-fedora1: 57e8a96de7a46e6abef4e62178c362905f3e6f32a0ddb2db8f68a6ca4a9bf26375d629b708ed34ab0fece513555d373d6862eb4920690b5fa204fb9884dab489  pkgs/dom0-fc25/rofi-themes-1.5.4-1.fc25.noarch.rpm
2020-12-15 15:50:07.626015 +0000 build-fedora1: 8578a108c2a24536eb7f53410232cd4e325fe63c4a59ab95e691d4cd6a24acefe35a1cf74ac1d6d757af0aab0d2a5bfa4f3e0d3d4cb538c29fb09a6d4ce7efca  pkgs/dom0-fc25/rofi-themes-1.6.0-1.fc25.noarch.rpm
2020-12-15 15:50:07.626110 +0000 build-fedora1: 08c45a9960a56110bf715b3cfeb5a3e21ce5afe04ef48ec641de5706865f4110514e70a08fb711806dd70ac16bef4d3d08bf09e192029b8e73d54d44c9771ae3  pkgs/dom0-fc25/rofi.spec.list
2020-12-15 15:50:07.626202 +0000 build-fedora1: 317c9c4930fea21cb72d8551cc6f8ebb66a1fb2477e361a95fd3e5823a3b6597fdf74e110d45b4e9c17712ecf4c5a16bbedd159ec03d83f4ec23b8390cf398f7  rofi-1.5.4.tar.gz
2020-12-15 15:50:07.626294 +0000 build-fedora1: a993b0d49681eae4bc4aa84277f6daf1467e53bc40fa43e97ccf3f834763a3c9a1ed8b5d1d628158febc9e8b339be3fb745ae5b4e1d86e9f84b7af4b6a30ea23  rofi-1.6.0.tar.gz
2020-12-15 15:50:07.626367 +0000 build-fedora1: ================================================================================
2020-12-15 15:50:07.626428 +0000 build-fedora1:                            B U I L D   I N F O                                  
2020-12-15 15:50:07.626552 +0000 build-fedora1: Items in red indicate it was automatically generated by configuration file(s)
2020-12-15 15:50:07.626630 +0000 build-fedora1: Items in white indicate it was automatically removed by configuration file(s)
2020-12-15 15:50:07.626699 +0000 build-fedora1: ================================================================================
2020-12-15 15:50:07.626744 +0000 build-fedora1: DISTS_VM:
2020-12-15 15:50:07.626787 +0000 build-fedora1:     
2020-12-15 15:50:07.626831 +0000 build-fedora1: DISTS_ALL:
2020-12-15 15:50:07.626875 +0000 build-fedora1:      dom0-fc25,
2020-12-15 15:50:07.626919 +0000 build-fedora1: DIST_DOM0:
2020-12-15 15:50:07.626961 +0000 build-fedora1:      fc25,
2020-12-15 15:50:07.627007 +0000 build-fedora1: BUILDER_PLUGINS:
2020-12-15 15:50:07.627106 +0000 build-fedora1:      builder-rpm, mgmt-salt, contrib-configs, builder-github,
2020-12-15 15:50:07.627156 +0000 build-fedora1: COMPONENTS:
2020-12-15 15:50:07.627200 +0000 build-fedora1:      rofi,
2020-12-15 15:50:07.627244 +0000 build-fedora1: GIT_REPOS:
2020-12-15 15:50:07.627290 +0000 build-fedora1:      qubes-src/rofi,
2020-12-15 15:50:07.627332 +0000 build-fedora1: TEMPLATE:
2020-12-15 15:50:07.627372 +0000 build-fedora1:     
2020-12-15 15:50:07.627418 +0000 build-fedora1: TEMPLATE_FLAVOR_DIR:
2020-12-15 15:50:07.627459 +0000 build-fedora1:     
2020-12-15 15:50:07.627563 +0000 build-fedora1: TEMPLATE_ALIAS:
2020-12-15 15:50:07.627609 +0000 build-fedora1:     
2020-12-15 15:50:07.627654 +0000 build-fedora1: TEMPLATE_LABEL:
2020-12-15 15:50:07.627695 +0000 build-fedora1:     
2020-12-15 15:50:07.627740 +0000 build-fedora1: > running make
2020-12-15 15:50:07.627806 +0000 build-fedora1: Makefile:846: target 'internal-update-repo-current.dom0.fc25.rofi' does not exist
2020-12-15 15:50:07.627862 +0000 build-fedora1: repo_base_var="LINUX_REPO_fc25_BASEDIR"; \
2020-12-15 15:50:07.627917 +0000 build-fedora1: if [ "rofi" = linux-template-builder ]; then \
2020-12-15 15:50:07.627979 +0000 build-fedora1: .# templates belongs to dom0 repository, even though PACKAGE_SET=vm
2020-12-15 15:50:07.628033 +0000 build-fedora1: repo_base_var="LINUX_REPO_fc25_BASEDIR"; \
2020-12-15 15:50:07.628075 +0000 build-fedora1: fi; \
2020-12-15 15:50:07.628126 +0000 build-fedora1: if [ -n "${!repo_base_var}" ]; then \
2020-12-15 15:50:07.628228 +0000 build-fedora1: .repo_basedir="${!repo_base_var}"; \
2020-12-15 15:50:07.628464 +0000 build-fedora1: else \
2020-12-15 15:50:07.628591 +0000 build-fedora1: .repo_basedir="qubes-src/linux-yum/r4.0"; \
2020-12-15 15:50:07.628637 +0000 build-fedora1: fi; \
2020-12-15 15:50:07.628694 +0000 build-fedora1: if [ -r qubes-src/rofi/Makefile.builder ]; then \
2020-12-15 15:50:07.628747 +0000 build-fedora1: .echo -n "Updating qubes-src/rofi... "; \
2020-12-15 15:50:07.628795 +0000 build-fedora1: .if [ "0" -eq 1 ]; then \
2020-12-15 15:50:07.628854 +0000 build-fedora1: ..vtag=`git -C qubes-src/rofi tag --points-at HEAD --list v*`; \
2020-12-15 15:50:07.628904 +0000 build-fedora1: ..if [ -z "$vtag" ]; then \
2020-12-15 15:50:07.628952 +0000 build-fedora1: ...echo "no version tag"; \
2020-12-15 15:50:07.628996 +0000 build-fedora1: ...exit 0; \
2020-12-15 15:50:07.629038 +0000 build-fedora1: ..fi; \
2020-12-15 15:50:07.629080 +0000 build-fedora1: .fi; \
2020-12-15 15:50:07.629133 +0000 build-fedora1: .if [ "rofi" = linux-template-builder ]; then
2020-12-15 15:50:07.629206 +0000 build-fedora1: export TEMPLATE_NAME=$(MAKEFLAGS= make -s -C qubes-src/linux-template-builder DIST=fc25 template-name)
2020-12-15 15:50:07.629250 +0000 build-fedora1: fi
2020-12-15 15:50:07.629389 +0000 build-fedora1: component_packages=$(MAKEFLAGS= make -s -f Makefile.generic DIST=fc25 PACKAGE_SET=dom0 COMPONENT=`basename qubes-src/rofi` UPDATE_REPO=/home/user/builder-r4.0/$repo_basedir/current/dom0/fc25 get-var GET_VAR=PACKAGE_LIST); \
2020-12-15 15:50:07.629455 +0000 build-fedora1: .if [ -z "$component_packages" ]; then \
2020-12-15 15:50:07.629561 +0000 build-fedora1: ..echo "no packages."; \
2020-12-15 15:50:07.629610 +0000 build-fedora1: ..exit 0; \
2020-12-15 15:50:07.629653 +0000 build-fedora1: .fi; \
2020-12-15 15:50:07.629713 +0000 build-fedora1: .make -s -f Makefile.generic DIST=fc25 PACKAGE_SET=dom0 \
2020-12-15 15:50:07.629766 +0000 build-fedora1: ..COMPONENT=`basename qubes-src/rofi` \
2020-12-15 15:50:07.629817 +0000 build-fedora1: ..SNAPSHOT_REPO=current-testing \
2020-12-15 15:50:07.629865 +0000 build-fedora1: ..TARGET_REPO=current \
2020-12-15 15:50:07.629928 +0000 build-fedora1: ..UPDATE_REPO=/home/user/builder-r4.0/$repo_basedir/current/dom0/fc25 \
2020-12-15 15:50:07.630007 +0000 build-fedora1: ..SNAPSHOT_FILE=/home/user/builder-r4.0/repo-latest-snapshot/current-testing-dom0-fc25-`basename qubes-src/rofi` \
2020-12-15 15:50:07.630055 +0000 build-fedora1: ..BUILD_LOG_URL= \
2020-12-15 15:50:07.630108 +0000 build-fedora1: ..update-repo-from-snapshot || exit 1; \
2020-12-15 15:50:07.630174 +0000 build-fedora1: elif make -C qubes-src/rofi -n update-repo-current >/dev/null 2>/dev/null; then \
2020-12-15 15:50:07.630227 +0000 build-fedora1: .echo "Updating qubes-src/rofi... "; \
2020-12-15 15:50:07.630293 +0000 build-fedora1: .DIST=fc25 UPDATE_REPO=/home/user/builder-r4.0/$repo_basedir/current/dom0/fc25 \
2020-12-15 15:50:07.630354 +0000 build-fedora1: .make -s -C qubes-src/rofi update-repo-current || exit 1; \
2020-12-15 15:50:07.630397 +0000 build-fedora1: else \
2020-12-15 15:50:07.630453 +0000 build-fedora1: .echo -n "Updating qubes-src/rofi... skipping."; \
2020-12-15 15:50:07.630556 +0000 build-fedora1: fi; \
2020-12-15 15:50:07.630604 +0000 build-fedora1: echo
2020-12-15 15:50:07.670548 +0000 build-fedora1: Updating qubes-src/rofi... Makefile.generic:223: target 'update-repo-date-check' does not exist
2020-12-15 15:50:07.670683 +0000 build-fedora1: if ! [ -r /home/user/builder-r4.0/repo-latest-snapshot/current-testing-dom0-fc25-rofi ]; then \
2020-12-15 15:50:07.670768 +0000 build-fedora1: .echo "`tput bold`*** Packages weren't uploaded to current-testing! ***`tput sgr0`"; \
2020-12-15 15:50:07.670817 +0000 build-fedora1: .exit 1; \
2020-12-15 15:50:07.670861 +0000 build-fedora1: fi
2020-12-15 15:50:07.696338 +0000 build-fedora1: touch -t `date -d "7 days ago" +%Y%m%d%H%M` /tmp/age-compare-file
2020-12-15 15:50:07.706218 +0000 build-fedora1: if ! [ /home/user/builder-r4.0/repo-latest-snapshot/current-testing-dom0-fc25-rofi -ot /tmp/age-compare-file ]; then \
2020-12-15 15:50:07.706380 +0000 build-fedora1: .echo "`tput bold`*** Packages weren't in current-testing for at least 7 days! ***`tput sgr0`"; \
2020-12-15 15:50:07.706443 +0000 build-fedora1: .exit 1; \
2020-12-15 15:50:07.706559 +0000 build-fedora1: fi
2020-12-15 15:50:07.710287 +0000 build-fedora1: rm -f /tmp/age-compare-file
2020-12-15 15:50:07.723646 +0000 build-fedora1: /home/user/builder-r4.0/qubes-src/builder-rpm/Makefile.rpmbuilder:176: target 'update-repo-from-snapshot-do' does not exist
2020-12-15 15:50:07.723859 +0000 build-fedora1: for f in pkgs/dom0-fc25/rofi-1.6.0-1.fc25.src.rpm pkgs/dom0-fc25/rofi-1.6.0-1.fc25.x86_64.rpm pkgs/dom0-fc25/rofi-debuginfo-1.6.0-1.fc25.x86_64.rpm pkgs/dom0-fc25/rofi-devel-1.6.0-1.fc25.x86_64.rpm pkgs/dom0-fc25/rofi-devel-doc-1.6.0-1.fc25.noarch.rpm pkgs/dom0-fc25/rofi-themes-1.6.0-1.fc25.noarch.rpm pkgs/dom0-fc25/rofi-1.6.0-1.fc25.x86_64.buildinfo; do \
2020-12-15 15:50:07.723979 +0000 build-fedora1: .ln -f /home/user/builder-r4.0/qubes-src/linux-yum/r4.0/current-testing/dom0/fc25/rpm/`basename $f` /home/user/builder-r4.0/qubes-src/linux-yum/r4.0/current/dom0/fc25/rpm/ || exit 1; \
2020-12-15 15:50:07.724030 +0000 build-fedora1: done
2020-12-15 15:50:07.805280 +0000 build-fedora1: /home/user/builder-r4.0/qubes-src/builder-github//Makefile.github:18: target 'notify-github' does not exist
2020-12-15 15:50:07.805411 +0000 build-fedora1: [ -z "rofi-1.6.0-1.fc25" ] || /home/user/builder-r4.0/qubes-src/builder-github//notify-issues \
2020-12-15 15:50:07.805470 +0000 build-fedora1: .--build-log="" \
2020-12-15 15:50:07.805601 +0000 build-fedora1: .upload \
2020-12-15 15:50:07.805648 +0000 build-fedora1: ."r4.0" \
2020-12-15 15:50:07.805696 +0000 build-fedora1: ."qubes-src/rofi" \
2020-12-15 15:50:07.805743 +0000 build-fedora1: ."rofi-1.6.0-1.fc25" \
2020-12-15 15:50:07.805786 +0000 build-fedora1: ."fc25" \
2020-12-15 15:50:07.805828 +0000 build-fedora1: ."dom0" \
2020-12-15 15:50:07.805872 +0000 build-fedora1: ."current" \
2020-12-15 15:50:07.805932 +0000 build-fedora1: ."/home/user/github-notify-state/r4.0-rofi-dom0-fc25-current" \
2020-12-15 15:50:07.805992 +0000 build-fedora1: ."/home/user/github-notify-state/r4.0-rofi-dom0-fc25-current"
2020-12-15 15:50:13.714013 +0000 build-fedora1: 
2020-12-15 15:50:13.714199 +0000 build-fedora1: Makefile:928: target 'post-update-repo-current' does not exist
2020-12-15 15:50:13.714252 +0000 build-fedora1: true
2020-12-15 15:50:13.718371 +0000 build-fedora1: Makefile:802: update target 'update-repo-current' due to: internal-update-repo-current.dom0.fc25.rofi post-update-repo-current
2020-12-15 15:50:13.718470 +0000 build-fedora1: true
2020-12-15 15:50:13.723463 +0000 build-fedora1: > done
2020-12-15 15:50:13.723623 +0000 > closing log
