2022-05-12 20:44:25.100650 +0000 > starting log
2022-05-12 20:44:25.101011 +0000 build-fedora1: > starting build with log
2022-05-12 20:44:25.101021 +0000 build-fedora1: >> make args: update-repo-current
2022-05-12 20:44:25.101027 +0000 build-fedora1: >> MAKEFLAGS=
2022-05-12 20:44:25.101033 +0000 build-fedora1: >> COMPONENTS=remote-desktop
2022-05-12 20:44:25.101038 +0000 build-fedora1: >> DISTS_VM=
2022-05-12 20:44:25.101043 +0000 build-fedora1: >> DIST_DOM0=
2022-05-12 20:44:25.101050 +0000 build-fedora1: >> qubes-builder 1fb9d931e2644a4e8819f486db9c08140bd8e1c7
2022-05-12 20:44:25.101058 +0000 build-fedora1: >> qubes-builder/qubes-src/remote-desktop 33777db8ca23769e68007d992ed92bd545ededd9
2022-05-12 20:44:25.101065 +0000 build-fedora1: !! pkgs/dom0-fc32/qubes-remote-desktop-4.0.3-1.fc32.src.rpm
2022-05-12 20:44:25.101073 +0000 build-fedora1: !! pkgs/dom0-fc32/qubes-remote-desktop-4.0.3-1.fc32.x86_64.buildinfo
2022-05-12 20:44:25.101080 +0000 build-fedora1: !! pkgs/dom0-fc32/qubes-remote-desktop-4.0.3-1.fc32.x86_64.rpm
2022-05-12 20:44:25.101087 +0000 build-fedora1: !! pkgs/dom0-fc32/qubes-remote-desktop-4.0.3-2.fc32.src.rpm
2022-05-12 20:44:25.101094 +0000 build-fedora1: !! pkgs/dom0-fc32/qubes-remote-desktop-4.0.3-2.fc32.x86_64.buildinfo
2022-05-12 20:44:25.101101 +0000 build-fedora1: !! pkgs/dom0-fc32/qubes-remote-desktop-4.0.3-2.fc32.x86_64.rpm
2022-05-12 20:44:25.101107 +0000 build-fedora1: !! pkgs/dom0-fc32/remote-desktop.spec.list
2022-05-12 20:44:25.101120 +0000 build-fedora1: 64468ca0d36da2a0ae756094c6d99cd7b145738baf3b58180849f19cc85262f6c47f4aa6b7c88be05af3e12a89bf278c45d89ce4407711d4d6be03f64a76678a  pkgs/dom0-fc32/qubes-remote-desktop-4.0.3-1.fc32.src.rpm
2022-05-12 20:44:25.101134 +0000 build-fedora1: 586886a080f2a14e358af04b811a992f3404b38b1df0003641402bf1fb615e52cda7ad206ae8021f5e6321ee25a55b3d78e5bea397902921750e7b98ae526ab7  pkgs/dom0-fc32/qubes-remote-desktop-4.0.3-1.fc32.x86_64.buildinfo
2022-05-12 20:44:25.101147 +0000 build-fedora1: bf299df2a8368c8dec29c0e50c92a1f4861ae2e73ee113c441282f1c002002137b2964f0800b9b066b0a623a84cb1a9bedfa06ec7744b192318674546244d0d9  pkgs/dom0-fc32/qubes-remote-desktop-4.0.3-1.fc32.x86_64.rpm
2022-05-12 20:44:25.101159 +0000 build-fedora1: 08774e0f45b76a49e630de358a0ed0e21d2893488fa69357a052e8af5bb9aeafbc0d873721768e6d763d67654d668c50a262163409411d053e5baf97e1c2f4b7  pkgs/dom0-fc32/qubes-remote-desktop-4.0.3-2.fc32.src.rpm
2022-05-12 20:44:25.101172 +0000 build-fedora1: 12f3eefab5e1b0d1b79b053fbfb7fe81e0c5ed7888af53f27926e2094a1e3f86ae0269f159e38d2657550923ece8084c34f568d30840319264855ca9a487b687  pkgs/dom0-fc32/qubes-remote-desktop-4.0.3-2.fc32.x86_64.buildinfo
2022-05-12 20:44:25.101184 +0000 build-fedora1: fd089312dd7e8800cd28d4470dd0f9550c3ce5782e944ecc23f6f96696f7def47363bf421afbc76fac10c6dfe335ef88345a53f0773d7ab0ac3194373a7fdc76  pkgs/dom0-fc32/qubes-remote-desktop-4.0.3-2.fc32.x86_64.rpm
2022-05-12 20:44:25.101196 +0000 build-fedora1: cc3c1f5b9e85fc9624f636e6e4007164324840f9fb17a8f78f195a13fbc8944cccd8e229bdde04708fad55f8c86b0f075922b2c2d86fc798c498c8484fcdaf68  pkgs/dom0-fc32/remote-desktop.spec.list
2022-05-12 20:44:25.101204 +0000 build-fedora1: ================================================================================
2022-05-12 20:44:25.101213 +0000 build-fedora1:                            B U I L D   I N F O                                  
2022-05-12 20:44:25.101221 +0000 build-fedora1: Items in red indicate it was automatically generated by configuration file(s)
2022-05-12 20:44:25.101229 +0000 build-fedora1: Items in white indicate it was automatically removed by configuration file(s)
2022-05-12 20:44:25.101236 +0000 build-fedora1: ================================================================================
2022-05-12 20:44:25.101241 +0000 build-fedora1: DISTS_VM:
2022-05-12 20:44:25.101246 +0000 build-fedora1:     
2022-05-12 20:44:25.101251 +0000 build-fedora1: DISTS_ALL:
2022-05-12 20:44:25.101256 +0000 build-fedora1:      dom0-fc32,
2022-05-12 20:44:25.101261 +0000 build-fedora1: DIST_DOM0:
2022-05-12 20:44:25.101266 +0000 build-fedora1:      fc32,
2022-05-12 20:44:25.101275 +0000 build-fedora1: BUILDER_PLUGINS:
2022-05-12 20:44:25.101283 +0000 build-fedora1:      builder-rpm, mgmt-salt, contrib-configs, builder-github,
2022-05-12 20:44:25.101288 +0000 build-fedora1: COMPONENTS:
2022-05-12 20:44:25.101293 +0000 build-fedora1:      remote-desktop,
2022-05-12 20:44:25.101298 +0000 build-fedora1: GIT_REPOS:
2022-05-12 20:44:25.101304 +0000 build-fedora1:      qubes-src/remote-desktop,
2022-05-12 20:44:25.101308 +0000 build-fedora1: TEMPLATE:
2022-05-12 20:44:25.101313 +0000 build-fedora1:     
2022-05-12 20:44:25.101318 +0000 build-fedora1: TEMPLATE_FLAVOR_DIR:
2022-05-12 20:44:25.101323 +0000 build-fedora1:     
2022-05-12 20:44:25.101328 +0000 build-fedora1: TEMPLATE_ALIAS:
2022-05-12 20:44:25.101333 +0000 build-fedora1:     
2022-05-12 20:44:25.101338 +0000 build-fedora1: TEMPLATE_LABEL:
2022-05-12 20:44:25.101342 +0000 build-fedora1:     
2022-05-12 20:44:25.101347 +0000 build-fedora1: > running make
2022-05-12 20:44:25.101356 +0000 build-fedora1: Makefile:915: target 'internal-update-repo-current.dom0.fc32.remote-desktop' does not exist
2022-05-12 20:44:25.101360 +0000 build-fedora1: true
2022-05-12 20:44:25.101368 +0000 build-fedora1: Makefile:923: target 'post-update-repo-current' does not exist
2022-05-12 20:44:25.101373 +0000 build-fedora1: for dist in fc32 ; do \
2022-05-12 20:44:25.101380 +0000 build-fedora1: .repo_base_var="LINUX_REPO_${dist//-/_}_BASEDIR"; \
2022-05-12 20:44:25.101386 +0000 build-fedora1: .if [ -n "${!repo_base_var}" ]; then \
2022-05-12 20:44:25.101392 +0000 build-fedora1: ..repo_basedir="${!repo_base_var}"; \
2022-05-12 20:44:25.101397 +0000 build-fedora1: .else \
2022-05-12 20:44:25.101404 +0000 build-fedora1: ..repo_basedir="qubes-src/linux-yum/r4.1"; \
2022-05-12 20:44:25.101408 +0000 build-fedora1: .fi; \
2022-05-12 20:44:25.101415 +0000 build-fedora1: .repos_to_update="$repos_to_update $repo_basedir"; \
2022-05-12 20:44:25.101420 +0000 build-fedora1: done; \
2022-05-12 20:44:25.101425 +0000 build-fedora1: pkgset_dist= ; \
2022-05-12 20:44:25.101430 +0000 build-fedora1: for dist in fc32; do \
2022-05-12 20:44:25.101437 +0000 build-fedora1: .pkgset_dist="$pkgset_dist dom0/$dist"; \
2022-05-12 20:44:25.101441 +0000 build-fedora1: done; \
2022-05-12 20:44:25.101447 +0000 build-fedora1: for dist in ; do \
2022-05-12 20:44:25.101453 +0000 build-fedora1: .pkgset_dist="$pkgset_dist vm/$dist"; \
2022-05-12 20:44:25.101458 +0000 build-fedora1: done; \
2022-05-12 20:44:25.101465 +0000 build-fedora1: for repo in `echo $repos_to_update|tr ' ' '\n'|sort|uniq`; do \
2022-05-12 20:44:25.101471 +0000 build-fedora1: .[ -z "$repo" ] && continue; \
2022-05-12 20:44:25.101478 +0000 build-fedora1: .[ -x "$repo/../update_repo-current.sh" ] || continue; \
2022-05-12 20:44:25.101485 +0000 build-fedora1: .(cd $repo/.. && ./update_repo-current.sh r4.1 $pkgset_dist); \
2022-05-12 20:44:25.101489 +0000 build-fedora1: done
2022-05-12 20:44:25.101497 +0000 build-fedora1: ~/builder-r4.1/qubes-src/linux-yum ~/builder-r4.1/qubes-src/linux-yum
2022-05-12 20:44:25.101503 +0000 build-fedora1: --> Processing repo: r4.1/current/dom0/fc32...
2022-05-12 20:44:25.101512 +0000 build-fedora1: warning: Found bdb_ro Packages database while attempting sqlite backend: using bdb_ro backend.
2022-05-12 20:44:25.996244 +0000 build-fedora1: Done.
2022-05-12 20:44:25.998003 +0000 build-fedora1: ~/builder-r4.1/qubes-src/linux-yum ~/builder-r4.1/qubes-src/linux-yum
2022-05-12 20:44:25.998935 +0000 build-fedora1: Syncing r4.1...
2022-05-12 20:44:26.132186 +0000 build-fedora1: sending incremental file list
2022-05-12 20:44:26.167330 +0000 build-fedora1: .d..t...... fc32/
2022-05-12 20:44:26.167367 +0000 build-fedora1: .d..t...... fc32/repodata/
2022-05-12 20:44:26.167378 +0000 build-fedora1: <f..t...... fc32/repodata/1d04d3f476b9039f9ec511570a5a0606b57225382d9d9788d5305156041dd1f8-comps.xml
2022-05-12 20:44:26.167777 +0000 build-fedora1: .            700   0%    0.00kB/s    0:00:00  .        107,187 100%  101.55MB/s    0:00:00 (xfr#1, to-chk=41/47)
2022-05-12 20:44:26.167803 +0000 build-fedora1: <f+++++++++ fc32/repodata/619f524f7604acd4fd33e7b126aafcf292d6d6ebb6ccf0257b6562a8c573f1c3-primary.sqlite.bz2
2022-05-12 20:44:26.167817 +0000 build-fedora1: .         13,209 100%   12.60MB/s    0:00:00  .         13,209 100%   12.60MB/s    0:00:00 (xfr#2, to-chk=40/47)
2022-05-12 20:44:26.167827 +0000 build-fedora1: <f+++++++++ fc32/repodata/69de61d64fc5e158e53a3b22e6f0fb82e96ccda1505c5ab82c15930ca056badc-filelists.sqlite.bz2
2022-05-12 20:44:26.168044 +0000 build-fedora1: .         32,768  59%   31.25MB/s    0:00:00  .         54,683 100%   52.15MB/s    0:00:00 (xfr#3, to-chk=39/47)
2022-05-12 20:44:26.168057 +0000 build-fedora1: <f+++++++++ fc32/repodata/db82e7633612ef662b9207fef4e123923a14fd1ad70effd8b65b306c9d879c60-other.sqlite.bz2
2022-05-12 20:44:26.168070 +0000 build-fedora1: .          6,324 100%    6.03MB/s    0:00:00  .          6,324 100%    6.03MB/s    0:00:00 (xfr#4, to-chk=38/47)
2022-05-12 20:44:26.168079 +0000 build-fedora1: <f+++++++++ fc32/repodata/ee3481bb0d38b42c808e58d1ce14df2f1b11ebbf9f9bb1e667a67166c3a4e599-filelists.xml.gz
2022-05-12 20:44:26.168275 +0000 build-fedora1: .         32,768  60%   31.25MB/s    0:00:00  .         53,904 100%   51.41MB/s    0:00:00 (xfr#5, to-chk=37/47)
2022-05-12 20:44:26.168288 +0000 build-fedora1: <f+++++++++ fc32/repodata/fd36d8c7f31d4c4a523db348376b72d423665699c31b9c050912ad1b84e15855-primary.xml.gz
2022-05-12 20:44:26.168301 +0000 build-fedora1: .          6,080 100%    5.80MB/s    0:00:00  .          6,080 100%    5.80MB/s    0:00:00 (xfr#6, to-chk=36/47)
2022-05-12 20:44:26.168310 +0000 build-fedora1: <f+++++++++ fc32/repodata/fdfaef78191fb53af75efd207c92188386cb2963907f84eba04735c47140e78f-other.xml.gz
2022-05-12 20:44:26.168322 +0000 build-fedora1: .          3,058 100%    2.92MB/s    0:00:00  .          3,058 100%    2.92MB/s    0:00:00 (xfr#7, to-chk=35/47)
2022-05-12 20:44:26.168330 +0000 build-fedora1: <f..t...... fc32/repodata/ff1728e943d67d8cbe098281df44e4a96b9f1cb74d7914c07acfaead64f1aee4-comps.xml.gz
2022-05-12 20:44:26.168441 +0000 build-fedora1: .            700   2%  683.59kB/s    0:00:00  .         25,276 100%   24.11MB/s    0:00:00 (xfr#8, to-chk=34/47)
2022-05-12 20:44:26.168451 +0000 build-fedora1: <f..t...... fc32/repodata/repomd.xml
2022-05-12 20:44:26.168487 +0000 build-fedora1: .          3,847 100%    3.67MB/s    0:00:00  .          3,847 100%    3.67MB/s    0:00:00 (xfr#9, to-chk=33/47)
2022-05-12 20:44:26.168495 +0000 build-fedora1: <f..t...... fc32/repodata/repomd.xml.asc
2022-05-12 20:44:26.168507 +0000 build-fedora1: .            488 100%  476.56kB/s    0:00:00  .            488 100%  476.56kB/s    0:00:00 (xfr#10, to-chk=32/47)
2022-05-12 20:44:26.168513 +0000 build-fedora1: .d..t...... fc32/rpm/
2022-05-12 20:44:26.168520 +0000 build-fedora1: <f+++++++++ fc32/rpm/qubes-remote-desktop-4.0.3-2.fc32.src.rpm
2022-05-12 20:44:26.168532 +0000 build-fedora1: .         11,496 100%   10.96MB/s    0:00:00  .         11,496 100%   10.96MB/s    0:00:00 (xfr#11, to-chk=13/47)
2022-05-12 20:44:26.168539 +0000 build-fedora1: <f+++++++++ fc32/rpm/qubes-remote-desktop-4.0.3-2.fc32.x86_64.buildinfo
2022-05-12 20:44:26.192210 +0000 build-fedora1: .          1,338 100%   54.44kB/s    0:00:00  .          1,338 100%   54.44kB/s    0:00:00 (xfr#12, to-chk=12/47)
2022-05-12 20:44:26.192231 +0000 build-fedora1: <f+++++++++ fc32/rpm/qubes-remote-desktop-4.0.3-2.fc32.x86_64.rpm
2022-05-12 20:44:26.192244 +0000 build-fedora1: .          9,620 100%  391.44kB/s    0:00:00  .          9,620 100%  391.44kB/s    0:00:00 (xfr#13, to-chk=11/47)
2022-05-12 20:44:26.599026 +0000 build-fedora1: Makefile:819: update target 'update-repo-current' due to: internal-update-repo-current.dom0.fc32.remote-desktop post-update-repo-current
2022-05-12 20:44:26.599062 +0000 build-fedora1: true
2022-05-12 20:44:26.599902 +0000 build-fedora1: > done
2022-05-12 20:44:26.599988 +0000 > closing log
