2022-11-26 16:40:06.514371 +0000 > starting log
2022-11-26 16:40:06.514569 +0000 build-centos1: > starting build with log
2022-11-26 16:40:06.514579 +0000 build-centos1: >> make args: update-repo-current
2022-11-26 16:40:06.514585 +0000 build-centos1: >> MAKEFLAGS=
2022-11-26 16:40:06.514592 +0000 build-centos1: >> COMPONENTS=app-split-git
2022-11-26 16:40:06.514598 +0000 build-centos1: >> DISTS_VM=centos-stream8
2022-11-26 16:40:06.514604 +0000 build-centos1: >> DIST_DOM0=
2022-11-26 16:40:06.514612 +0000 build-centos1: >> qubes-builder b7021ac566abccd659dd932f2f557ee90105db4f
2022-11-26 16:40:06.514621 +0000 build-centos1: >> qubes-builder/qubes-src/app-split-git a364288c0c534d65f039032a7ca41fcc681c6d31
2022-11-26 16:40:06.748982 +0000 build-centos1: ?? pkgs/vm-centos-stream8/qubes-split-git-1.0.1-1.el8.x86_64.buildinfo
2022-11-26 16:40:06.749029 +0000 build-centos1: ?? pkgs/vm-centos-stream8/qubes-split-git-1.0.1-2.el8.src.rpm
2022-11-26 16:40:06.749039 +0000 build-centos1: ?? pkgs/vm-centos-stream8/qubes-split-git-1.0.1-2.el8.x86_64.buildinfo
2022-11-26 16:40:06.749047 +0000 build-centos1: ?? pkgs/vm-centos-stream8/qubes-split-git-1.0.1-2.el8.x86_64.rpm
2022-11-26 16:40:06.749054 +0000 build-centos1: ?? pkgs/vm-centos-stream8/qubes-split-git.spec.list
2022-11-26 16:40:06.749063 +0000 build-centos1: ?? pkgs/vm-centos8/qubes-split-git-1.0.1-1.centos8.x86_64.buildinfo
2022-11-26 16:40:06.749070 +0000 build-centos1: ?? pkgs/vm-centos8/qubes-split-git.spec.list
2022-11-26 16:40:06.780319 +0000 build-centos1: 96d8e237c4ecca58b7c360b4d054da4a3983a11de22e4fd6a2a0e5949dbba13af120c2a48f9ca60f5010af47ed6e0e93feaf0ae0e182b3ac38ef795a4fe7a2d5  pkgs/vm-centos-stream8/qubes-split-git-1.0.1-1.el8.x86_64.buildinfo
2022-11-26 16:40:06.780354 +0000 build-centos1: 8e142c3a62dd8620fac07775c2978ba3924187e892221d849762c17222a013aa84db873f70db23da153cd20e6f712cdb27b755c74fcbceaea107cb7719c8e419  pkgs/vm-centos-stream8/qubes-split-git-1.0.1-2.el8.src.rpm
2022-11-26 16:40:06.804434 +0000 build-centos1: c4ecfb2b36da5d878de9f0560cdc2ccb5267dfeb3fbe80ee136297e515ca432216b58b3c02d9009a7135ea9e572bce59719a2968ceffd5ad7d94be2c79bc9a1d  pkgs/vm-centos-stream8/qubes-split-git-1.0.1-2.el8.x86_64.buildinfo
2022-11-26 16:40:06.804468 +0000 build-centos1: cf56c0db45e92b76f58ad83ffca39fc934a9b8f56022e06573e7dc4316cc9e11c2b177c03407ab410e32735bc1122dbe977588b34fd55330e6f24dcadb3dc555  pkgs/vm-centos-stream8/qubes-split-git-1.0.1-2.el8.x86_64.rpm
2022-11-26 16:40:06.804484 +0000 build-centos1: 3a0898292dc519f21efe7f9095c5f5bbfc4bad4f39a7619cb3fdaf47c1daf883499ec7d485ea3e5de8dc87a98c4a6185b0189702d768903c8bef68ba23d1d4fe  pkgs/vm-centos-stream8/qubes-split-git.spec.list
2022-11-26 16:40:06.845430 +0000 build-centos1: fe0e0a6319c19e4cc8239a6922dc6619a0208e373edd87de2943ddbe97a8c908852aea47b0de80db7ffd0ec437373d31f54df38f718ad8dba8a0b6fe8cadf980  pkgs/vm-centos8/qubes-split-git-1.0.1-1.centos8.x86_64.buildinfo
2022-11-26 16:40:06.881966 +0000 build-centos1: 5238ed05b293bd3673a3823debd92412524181e56fc61b593b22426f1366f2cfc556c84c89225728eb95cee8c7339d482cf4fe31786ea6842d4b815ec8d30997  pkgs/vm-centos8/qubes-split-git.spec.list
2022-11-26 16:40:06.903591 +0000 build-centos1: ================================================================================
2022-11-26 16:40:06.903623 +0000 build-centos1:                            B U I L D   I N F O                                  
2022-11-26 16:40:06.903633 +0000 build-centos1: Items in red indicate it was automatically generated by configuration file(s)
2022-11-26 16:40:06.903643 +0000 build-centos1: Items in white indicate it was automatically removed by configuration file(s)
2022-11-26 16:40:06.903652 +0000 build-centos1: ================================================================================
2022-11-26 16:40:06.903657 +0000 build-centos1: DISTS_VM:
2022-11-26 16:40:06.904629 +0000 build-centos1:      centos-stream8,
2022-11-26 16:40:06.904855 +0000 build-centos1: DISTS_ALL:
2022-11-26 16:40:06.905835 +0000 build-centos1:      vm-centos-stream8,
2022-11-26 16:40:06.905931 +0000 build-centos1: DIST_DOM0:
2022-11-26 16:40:06.906972 +0000 build-centos1:     
2022-11-26 16:40:06.907082 +0000 build-centos1: BUILDER_PLUGINS:
2022-11-26 16:40:06.908136 +0000 build-centos1:      builder-rpm, mgmt-salt, contrib-configs, builder-github,
2022-11-26 16:40:06.908219 +0000 build-centos1: COMPONENTS:
2022-11-26 16:40:06.909290 +0000 build-centos1:      app-split-git,
2022-11-26 16:40:06.909427 +0000 build-centos1: GIT_REPOS:
2022-11-26 16:40:06.910460 +0000 build-centos1:      qubes-src/app-split-git,
2022-11-26 16:40:06.910579 +0000 build-centos1: TEMPLATE:
2022-11-26 16:40:06.911615 +0000 build-centos1:     
2022-11-26 16:40:06.911745 +0000 build-centos1: TEMPLATE_FLAVOR_DIR:
2022-11-26 16:40:06.912802 +0000 build-centos1:     
2022-11-26 16:40:06.912910 +0000 build-centos1: TEMPLATE_ALIAS:
2022-11-26 16:40:06.913957 +0000 build-centos1:     
2022-11-26 16:40:06.914070 +0000 build-centos1: TEMPLATE_LABEL:
2022-11-26 16:40:06.915109 +0000 build-centos1:     
2022-11-26 16:40:06.922645 +0000 build-centos1: > running make
2022-11-26 16:40:06.928308 +0000 build-centos1: Makefile:863: target 'internal-update-repo-current.vm.centos-stream8.app-split-git' does not exist
2022-11-26 16:40:06.928326 +0000 build-centos1: repo_base_var="LINUX_REPO_${DIST//-/_}_BASEDIR"; \
2022-11-26 16:40:06.928335 +0000 build-centos1: if [ "app-split-git" = linux-template-builder ]; then \
2022-11-26 16:40:06.928344 +0000 build-centos1: .# templates belongs to dom0 repository, even though PACKAGE_SET=vm
2022-11-26 16:40:06.928351 +0000 build-centos1: repo_base_var="LINUX_REPO__BASEDIR"; \
2022-11-26 16:40:06.928356 +0000 build-centos1: fi; \
2022-11-26 16:40:06.928363 +0000 build-centos1: if [ -n "${!repo_base_var}" ]; then \
2022-11-26 16:40:06.928369 +0000 build-centos1: .repo_basedir="${!repo_base_var}"; \
2022-11-26 16:40:06.928374 +0000 build-centos1: else \
2022-11-26 16:40:06.928381 +0000 build-centos1: .repo_basedir="qubes-src/linux-yum/r4.1"; \
2022-11-26 16:40:06.928385 +0000 build-centos1: fi; \
2022-11-26 16:40:06.928393 +0000 build-centos1: if [ -r qubes-src/app-split-git/Makefile.builder ]; then \
2022-11-26 16:40:06.928400 +0000 build-centos1: .echo -n "Updating qubes-src/app-split-git... "; \
2022-11-26 16:40:06.928406 +0000 build-centos1: .if [ "0" -eq 1 ]; then \
2022-11-26 16:40:06.928415 +0000 build-centos1: ..vtag=`git -C qubes-src/app-split-git tag --points-at HEAD --list v*`; \
2022-11-26 16:40:06.928421 +0000 build-centos1: ..if [ -z "$vtag" ]; then \
2022-11-26 16:40:06.928427 +0000 build-centos1: ...echo "no version tag"; \
2022-11-26 16:40:06.928432 +0000 build-centos1: ...exit 0; \
2022-11-26 16:40:06.928437 +0000 build-centos1: ..fi; \
2022-11-26 16:40:06.928442 +0000 build-centos1: .fi; \
2022-11-26 16:40:06.928450 +0000 build-centos1: .if [ "app-split-git" = linux-template-builder ]; then
2022-11-26 16:40:06.928460 +0000 build-centos1: export TEMPLATE_NAME=$(MAKEFLAGS= make -s -C qubes-src/linux-template-builder DIST=centos-stream8 template-name)
2022-11-26 16:40:06.928466 +0000 build-centos1: fi
2022-11-26 16:40:06.928485 +0000 build-centos1: component_packages=$(MAKEFLAGS= make -s -f Makefile.generic DIST=centos-stream8 PACKAGE_SET=vm COMPONENT=`basename qubes-src/app-split-git` UPDATE_REPO=/home/user/builder-r4.1/$repo_basedir/current/vm/centos-stream8 get-var GET_VAR=PACKAGE_LIST); \
2022-11-26 16:40:06.928492 +0000 build-centos1: .if [ -z "$component_packages" ]; then \
2022-11-26 16:40:06.928498 +0000 build-centos1: ..echo "no packages."; \
2022-11-26 16:40:06.928503 +0000 build-centos1: ..exit 0; \
2022-11-26 16:40:06.928508 +0000 build-centos1: .fi; \
2022-11-26 16:40:06.928516 +0000 build-centos1: .make -s -f Makefile.generic DIST=centos-stream8 PACKAGE_SET=vm \
2022-11-26 16:40:06.928524 +0000 build-centos1: ..COMPONENT=`basename qubes-src/app-split-git` \
2022-11-26 16:40:06.928530 +0000 build-centos1: ..SNAPSHOT_REPO=current-testing \
2022-11-26 16:40:06.928536 +0000 build-centos1: ..TARGET_REPO=current \
2022-11-26 16:40:06.928544 +0000 build-centos1: ..UPDATE_REPO=/home/user/builder-r4.1/$repo_basedir/current/vm/centos-stream8 \
2022-11-26 16:40:06.928565 +0000 build-centos1: ..SNAPSHOT_FILE=/home/user/builder-r4.1/repo-latest-snapshot/current-testing-vm-centos-stream8-`basename qubes-src/app-split-git` \
2022-11-26 16:40:06.928572 +0000 build-centos1: ..BUILD_LOG_URL= \
2022-11-26 16:40:06.928579 +0000 build-centos1: ..update-repo-from-snapshot || exit 1; \
2022-11-26 16:40:06.928588 +0000 build-centos1: elif make -C qubes-src/app-split-git -n update-repo-current >/dev/null 2>/dev/null; then \
2022-11-26 16:40:06.928596 +0000 build-centos1: .echo "Updating qubes-src/app-split-git... "; \
2022-11-26 16:40:06.928606 +0000 build-centos1: .DIST=centos-stream8 UPDATE_REPO=/home/user/builder-r4.1/$repo_basedir/current/vm/centos-stream8 \
2022-11-26 16:40:06.928614 +0000 build-centos1: .make -s -C qubes-src/app-split-git update-repo-current || exit 1; \
2022-11-26 16:40:06.928619 +0000 build-centos1: else \
2022-11-26 16:40:06.928627 +0000 build-centos1: .echo -n "Updating qubes-src/app-split-git... skipping."; \
2022-11-26 16:40:06.928631 +0000 build-centos1: fi; \
2022-11-26 16:40:06.928636 +0000 build-centos1: echo
2022-11-26 16:40:06.938073 +0000 build-centos1: Updating qubes-src/app-split-git... + ERR_OUTPUT=/dev/stderr
2022-11-26 16:40:06.938089 +0000 build-centos1: + '[' 2 -lt 2 ']'
2022-11-26 16:40:06.938250 +0000 build-centos1: ++ basename qubes-src/app-split-git/rpm_spec/qubes-split-git.spec.in
2022-11-26 16:40:06.938768 +0000 build-centos1: + [[ xqubes-split-git.spec.in == \x\.\i\n ]]
2022-11-26 16:40:06.938817 +0000 build-centos1: + '[' -r qubes-src/app-split-git/rpm_spec/qubes-split-git.spec.in ']'
2022-11-26 16:40:06.939054 +0000 build-centos1: ++ mktemp --tmpdir tmp.XXXXXX.spec
2022-11-26 16:40:06.939601 +0000 build-centos1: + tmp_spec=/tmp/tmp.4Hd777.spec
2022-11-26 16:40:06.939737 +0000 build-centos1: ++ dirname /home/user/builder-r4.1/qubes-src/builder-rpm/scripts/query-spec
2022-11-26 16:40:06.940210 +0000 build-centos1: + /home/user/builder-r4.1/qubes-src/builder-rpm/scripts/generate-spec qubes-src/app-split-git/rpm_spec/qubes-split-git.spec.in /tmp/tmp.4Hd777.spec
2022-11-26 16:40:06.940927 +0000 build-centos1: + '[' 2 -lt 2 ']'
2022-11-26 16:40:06.940935 +0000 build-centos1: + '[' -z qubes-src/app-split-git ']'
2022-11-26 16:40:06.940946 +0000 build-centos1: + cp qubes-src/app-split-git/rpm_spec/qubes-split-git.spec.in qubes-src/app-split-git/rpm_spec/qubes-split-git.spec.in.tmp
2022-11-26 16:40:06.941758 +0000 build-centos1: + read -r ver
2022-11-26 16:40:06.941765 +0000 build-centos1: + '[' x = x ']'
2022-11-26 16:40:06.941775 +0000 build-centos1: + sed -i 's|@VERSION@|1.0.1|g' qubes-src/app-split-git/rpm_spec/qubes-split-git.spec.in.tmp
2022-11-26 16:40:06.942622 +0000 build-centos1: + vnum=1
2022-11-26 16:40:06.942632 +0000 build-centos1: + read -r ver
2022-11-26 16:40:06.942638 +0000 build-centos1: + '[' -e qubes-src/app-split-git/rel ']'
2022-11-26 16:40:06.942644 +0000 build-centos1: + read -r rel
2022-11-26 16:40:06.942681 +0000 build-centos1: + '[' x = x ']'
2022-11-26 16:40:06.942691 +0000 build-centos1: + sed -i 's|@REL@|2|g' qubes-src/app-split-git/rpm_spec/qubes-split-git.spec.in.tmp
2022-11-26 16:40:07.190723 +0000 build-centos1: + rnum=1
2022-11-26 16:40:07.190772 +0000 build-centos1: + read -r rel
2022-11-26 16:40:07.190784 +0000 build-centos1: + sed -i -e s:@BACKEND_VMM@:xen:g qubes-src/app-split-git/rpm_spec/qubes-split-git.spec.in.tmp
2022-11-26 16:40:07.191717 +0000 build-centos1: + grep -q @CHANGELOG@ qubes-src/app-split-git/rpm_spec/qubes-split-git.spec.in.tmp
2022-11-26 16:40:07.192669 +0000 build-centos1: ++ dirname /home/user/builder-r4.1/qubes-src/builder-rpm/scripts/generate-spec
2022-11-26 16:40:07.193202 +0000 build-centos1: + /home/user/builder-r4.1/qubes-src/builder-rpm/scripts/generate-changelog qubes-src/app-split-git qubes-src/app-split-git/rpm_spec/qubes-split-git.spec.in.tmp
2022-11-26 16:40:07.498957 +0000 build-centos1: + cat qubes-src/app-split-git/rpm_spec/qubes-split-git.spec.in.tmp
2022-11-26 16:40:07.499516 +0000 build-centos1: + rm -rf qubes-src/app-split-git/rpm_spec/qubes-split-git.spec.in.tmp
2022-11-26 16:40:07.500116 +0000 build-centos1: + '[' '%{SOURCE0}' = '%{SOURCE0}' ']'
2022-11-26 16:40:07.500406 +0000 build-centos1: ++ dirname /home/user/builder-r4.1/qubes-src/builder-rpm/scripts/query-spec
2022-11-26 16:40:07.501034 +0000 build-centos1: + /home/user/builder-r4.1/qubes-src/builder-rpm/scripts/../tools/spectool --list-files --source 0 /tmp/tmp.4Hd777.spec
2022-11-26 16:40:07.554069 +0000 build-centos1: + rm -f /tmp/tmp.4Hd777.spec
2022-11-26 16:40:07.560063 +0000 build-centos1: + ERR_OUTPUT=/dev/stderr
2022-11-26 16:40:07.560078 +0000 build-centos1: + '[' 2 -lt 2 ']'
2022-11-26 16:40:07.560286 +0000 build-centos1: ++ basename qubes-src/app-split-git/rpm_spec/qubes-split-git.spec.in
2022-11-26 16:40:07.560816 +0000 build-centos1: + [[ xqubes-split-git.spec.in == \x\.\i\n ]]
2022-11-26 16:40:07.560887 +0000 build-centos1: + '[' -r qubes-src/app-split-git/rpm_spec/qubes-split-git.spec.in ']'
2022-11-26 16:40:07.561123 +0000 build-centos1: ++ mktemp --tmpdir tmp.XXXXXX.spec
2022-11-26 16:40:07.561612 +0000 build-centos1: + tmp_spec=/tmp/tmp.2TCNQZ.spec
2022-11-26 16:40:07.561792 +0000 build-centos1: ++ dirname /home/user/builder-r4.1/qubes-src/builder-rpm/scripts/query-spec
2022-11-26 16:40:07.562277 +0000 build-centos1: + /home/user/builder-r4.1/qubes-src/builder-rpm/scripts/generate-spec qubes-src/app-split-git/rpm_spec/qubes-split-git.spec.in /tmp/tmp.2TCNQZ.spec
2022-11-26 16:40:07.563093 +0000 build-centos1: + '[' 2 -lt 2 ']'
2022-11-26 16:40:07.563105 +0000 build-centos1: + '[' -z qubes-src/app-split-git ']'
2022-11-26 16:40:07.563116 +0000 build-centos1: + cp qubes-src/app-split-git/rpm_spec/qubes-split-git.spec.in qubes-src/app-split-git/rpm_spec/qubes-split-git.spec.in.tmp
2022-11-26 16:40:07.564015 +0000 build-centos1: + read -r ver
2022-11-26 16:40:07.564027 +0000 build-centos1: + '[' x = x ']'
2022-11-26 16:40:07.564038 +0000 build-centos1: + sed -i 's|@VERSION@|1.0.1|g' qubes-src/app-split-git/rpm_spec/qubes-split-git.spec.in.tmp
2022-11-26 16:40:07.564884 +0000 build-centos1: + vnum=1
2022-11-26 16:40:07.564894 +0000 build-centos1: + read -r ver
2022-11-26 16:40:07.564909 +0000 build-centos1: + '[' -e qubes-src/app-split-git/rel ']'
2022-11-26 16:40:07.564929 +0000 build-centos1: + read -r rel
2022-11-26 16:40:07.564935 +0000 build-centos1: + '[' x = x ']'
2022-11-26 16:40:07.564944 +0000 build-centos1: + sed -i 's|@REL@|2|g' qubes-src/app-split-git/rpm_spec/qubes-split-git.spec.in.tmp
2022-11-26 16:40:07.761061 +0000 build-centos1: + rnum=1
2022-11-26 16:40:07.761108 +0000 build-centos1: + read -r rel
2022-11-26 16:40:07.761120 +0000 build-centos1: + sed -i -e s:@BACKEND_VMM@:xen:g qubes-src/app-split-git/rpm_spec/qubes-split-git.spec.in.tmp
2022-11-26 16:40:07.762128 +0000 build-centos1: + grep -q @CHANGELOG@ qubes-src/app-split-git/rpm_spec/qubes-split-git.spec.in.tmp
2022-11-26 16:40:07.763110 +0000 build-centos1: ++ dirname /home/user/builder-r4.1/qubes-src/builder-rpm/scripts/generate-spec
2022-11-26 16:40:07.763692 +0000 build-centos1: + /home/user/builder-r4.1/qubes-src/builder-rpm/scripts/generate-changelog qubes-src/app-split-git qubes-src/app-split-git/rpm_spec/qubes-split-git.spec.in.tmp
2022-11-26 16:40:07.901287 +0000 build-centos1: + cat qubes-src/app-split-git/rpm_spec/qubes-split-git.spec.in.tmp
2022-11-26 16:40:07.901836 +0000 build-centos1: + rm -rf qubes-src/app-split-git/rpm_spec/qubes-split-git.spec.in.tmp
2022-11-26 16:40:07.902600 +0000 build-centos1: + '[' '%{SOURCE0}' = '%{SOURCE0}' ']'
2022-11-26 16:40:07.902753 +0000 build-centos1: ++ dirname /home/user/builder-r4.1/qubes-src/builder-rpm/scripts/query-spec
2022-11-26 16:40:07.903315 +0000 build-centos1: + /home/user/builder-r4.1/qubes-src/builder-rpm/scripts/../tools/spectool --list-files --source 0 /tmp/tmp.2TCNQZ.spec
2022-11-26 16:40:07.956097 +0000 build-centos1: + rm -f /tmp/tmp.2TCNQZ.spec
2022-11-26 16:40:07.972232 +0000 build-centos1: + ERR_OUTPUT=/dev/stderr
2022-11-26 16:40:07.972274 +0000 build-centos1: + '[' 2 -lt 2 ']'
2022-11-26 16:40:07.972417 +0000 build-centos1: ++ basename qubes-src/app-split-git/rpm_spec/qubes-split-git.spec.in
2022-11-26 16:40:07.972955 +0000 build-centos1: + [[ xqubes-split-git.spec.in == \x\.\i\n ]]
2022-11-26 16:40:07.972966 +0000 build-centos1: + '[' -r qubes-src/app-split-git/rpm_spec/qubes-split-git.spec.in ']'
2022-11-26 16:40:07.973048 +0000 build-centos1: ++ mktemp --tmpdir tmp.XXXXXX.spec
2022-11-26 16:40:07.973635 +0000 build-centos1: + tmp_spec=/tmp/tmp.bWsEbB.spec
2022-11-26 16:40:07.973727 +0000 build-centos1: ++ dirname /home/user/builder-r4.1/qubes-src/builder-rpm/scripts/query-spec
2022-11-26 16:40:07.974281 +0000 build-centos1: + /home/user/builder-r4.1/qubes-src/builder-rpm/scripts/generate-spec qubes-src/app-split-git/rpm_spec/qubes-split-git.spec.in /tmp/tmp.bWsEbB.spec
2022-11-26 16:40:07.974977 +0000 build-centos1: + '[' 2 -lt 2 ']'
2022-11-26 16:40:07.974985 +0000 build-centos1: + '[' -z qubes-src/app-split-git ']'
2022-11-26 16:40:07.974996 +0000 build-centos1: + cp qubes-src/app-split-git/rpm_spec/qubes-split-git.spec.in qubes-src/app-split-git/rpm_spec/qubes-split-git.spec.in.tmp
2022-11-26 16:40:07.975853 +0000 build-centos1: + read -r ver
2022-11-26 16:40:07.975864 +0000 build-centos1: + '[' x = x ']'
2022-11-26 16:40:07.975874 +0000 build-centos1: + sed -i 's|@VERSION@|1.0.1|g' qubes-src/app-split-git/rpm_spec/qubes-split-git.spec.in.tmp
2022-11-26 16:40:07.976731 +0000 build-centos1: + vnum=1
2022-11-26 16:40:07.976738 +0000 build-centos1: + read -r ver
2022-11-26 16:40:07.976769 +0000 build-centos1: + '[' -e qubes-src/app-split-git/rel ']'
2022-11-26 16:40:07.976819 +0000 build-centos1: + read -r rel
2022-11-26 16:40:07.976826 +0000 build-centos1: + '[' x = x ']'
2022-11-26 16:40:07.976835 +0000 build-centos1: + sed -i 's|@REL@|2|g' qubes-src/app-split-git/rpm_spec/qubes-split-git.spec.in.tmp
2022-11-26 16:40:07.978769 +0000 build-centos1: + rnum=1
2022-11-26 16:40:07.978780 +0000 build-centos1: + read -r rel
2022-11-26 16:40:07.978790 +0000 build-centos1: + sed -i -e s:@BACKEND_VMM@:xen:g qubes-src/app-split-git/rpm_spec/qubes-split-git.spec.in.tmp
2022-11-26 16:40:07.979675 +0000 build-centos1: + grep -q @CHANGELOG@ qubes-src/app-split-git/rpm_spec/qubes-split-git.spec.in.tmp
2022-11-26 16:40:07.980541 +0000 build-centos1: ++ dirname /home/user/builder-r4.1/qubes-src/builder-rpm/scripts/generate-spec
2022-11-26 16:40:07.981029 +0000 build-centos1: + /home/user/builder-r4.1/qubes-src/builder-rpm/scripts/generate-changelog qubes-src/app-split-git qubes-src/app-split-git/rpm_spec/qubes-split-git.spec.in.tmp
2022-11-26 16:40:08.020490 +0000 build-centos1: + cat qubes-src/app-split-git/rpm_spec/qubes-split-git.spec.in.tmp
2022-11-26 16:40:08.021022 +0000 build-centos1: + rm -rf qubes-src/app-split-git/rpm_spec/qubes-split-git.spec.in.tmp
2022-11-26 16:40:08.104991 +0000 build-centos1: + '[' '%{SOURCE0}' = '%{SOURCE0}' ']'
2022-11-26 16:40:08.105093 +0000 build-centos1: ++ dirname /home/user/builder-r4.1/qubes-src/builder-rpm/scripts/query-spec
2022-11-26 16:40:08.105646 +0000 build-centos1: + /home/user/builder-r4.1/qubes-src/builder-rpm/scripts/../tools/spectool --list-files --source 0 /tmp/tmp.bWsEbB.spec
2022-11-26 16:40:08.157853 +0000 build-centos1: + rm -f /tmp/tmp.bWsEbB.spec
2022-11-26 16:40:08.160267 +0000 build-centos1: Makefile.generic:229: target 'update-repo-date-check' does not exist
2022-11-26 16:40:08.160284 +0000 build-centos1: if ! [ -r /home/user/builder-r4.1/repo-latest-snapshot/current-testing-vm-centos-stream8-app-split-git ]; then \
2022-11-26 16:40:08.160296 +0000 build-centos1: .echo "`tput bold`*** Packages weren't uploaded to current-testing! ***`tput sgr0`"; \
2022-11-26 16:40:08.160302 +0000 build-centos1: .exit 1; \
2022-11-26 16:40:08.160307 +0000 build-centos1: fi
2022-11-26 16:40:08.180359 +0000 build-centos1: + ERR_OUTPUT=/dev/stderr
2022-11-26 16:40:08.180381 +0000 build-centos1: + '[' 2 -lt 2 ']'
2022-11-26 16:40:08.180551 +0000 build-centos1: ++ basename qubes-src/app-split-git/rpm_spec/qubes-split-git.spec.in
2022-11-26 16:40:08.181019 +0000 build-centos1: + [[ xqubes-split-git.spec.in == \x\.\i\n ]]
2022-11-26 16:40:08.181090 +0000 build-centos1: + '[' -r qubes-src/app-split-git/rpm_spec/qubes-split-git.spec.in ']'
2022-11-26 16:40:08.181252 +0000 build-centos1: ++ mktemp --tmpdir tmp.XXXXXX.spec
2022-11-26 16:40:08.181737 +0000 build-centos1: + tmp_spec=/tmp/tmp.C5UFXT.spec
2022-11-26 16:40:08.181892 +0000 build-centos1: ++ dirname /home/user/builder-r4.1/qubes-src/builder-rpm/scripts/query-spec
2022-11-26 16:40:08.182354 +0000 build-centos1: + /home/user/builder-r4.1/qubes-src/builder-rpm/scripts/generate-spec qubes-src/app-split-git/rpm_spec/qubes-split-git.spec.in /tmp/tmp.C5UFXT.spec
2022-11-26 16:40:08.183131 +0000 build-centos1: + '[' 2 -lt 2 ']'
2022-11-26 16:40:08.183150 +0000 build-centos1: + '[' -z qubes-src/app-split-git ']'
2022-11-26 16:40:08.183161 +0000 build-centos1: + cp qubes-src/app-split-git/rpm_spec/qubes-split-git.spec.in qubes-src/app-split-git/rpm_spec/qubes-split-git.spec.in.tmp
2022-11-26 16:40:08.184023 +0000 build-centos1: + read -r ver
2022-11-26 16:40:08.184034 +0000 build-centos1: + '[' x = x ']'
2022-11-26 16:40:08.184044 +0000 build-centos1: + sed -i 's|@VERSION@|1.0.1|g' qubes-src/app-split-git/rpm_spec/qubes-split-git.spec.in.tmp
2022-11-26 16:40:08.184958 +0000 build-centos1: + vnum=1
2022-11-26 16:40:08.184970 +0000 build-centos1: + read -r ver
2022-11-26 16:40:08.184978 +0000 build-centos1: + '[' -e qubes-src/app-split-git/rel ']'
2022-11-26 16:40:08.184985 +0000 build-centos1: + read -r rel
2022-11-26 16:40:08.184990 +0000 build-centos1: + '[' x = x ']'
2022-11-26 16:40:08.185000 +0000 build-centos1: + sed -i 's|@REL@|2|g' qubes-src/app-split-git/rpm_spec/qubes-split-git.spec.in.tmp
2022-11-26 16:40:08.185800 +0000 build-centos1: + rnum=1
2022-11-26 16:40:08.185807 +0000 build-centos1: + read -r rel
2022-11-26 16:40:08.185816 +0000 build-centos1: + sed -i -e s:@BACKEND_VMM@:xen:g qubes-src/app-split-git/rpm_spec/qubes-split-git.spec.in.tmp
2022-11-26 16:40:08.186659 +0000 build-centos1: + grep -q @CHANGELOG@ qubes-src/app-split-git/rpm_spec/qubes-split-git.spec.in.tmp
2022-11-26 16:40:08.187605 +0000 build-centos1: ++ dirname /home/user/builder-r4.1/qubes-src/builder-rpm/scripts/generate-spec
2022-11-26 16:40:08.188129 +0000 build-centos1: + /home/user/builder-r4.1/qubes-src/builder-rpm/scripts/generate-changelog qubes-src/app-split-git qubes-src/app-split-git/rpm_spec/qubes-split-git.spec.in.tmp
2022-11-26 16:40:08.228949 +0000 build-centos1: + cat qubes-src/app-split-git/rpm_spec/qubes-split-git.spec.in.tmp
2022-11-26 16:40:08.229549 +0000 build-centos1: + rm -rf qubes-src/app-split-git/rpm_spec/qubes-split-git.spec.in.tmp
2022-11-26 16:40:08.230461 +0000 build-centos1: + '[' '%{SOURCE0}' = '%{SOURCE0}' ']'
2022-11-26 16:40:08.230614 +0000 build-centos1: ++ dirname /home/user/builder-r4.1/qubes-src/builder-rpm/scripts/query-spec
2022-11-26 16:40:08.231235 +0000 build-centos1: + /home/user/builder-r4.1/qubes-src/builder-rpm/scripts/../tools/spectool --list-files --source 0 /tmp/tmp.C5UFXT.spec
2022-11-26 16:40:08.283493 +0000 build-centos1: + rm -f /tmp/tmp.C5UFXT.spec
2022-11-26 16:40:08.289674 +0000 build-centos1: touch -t `date -d "5 days ago" +%Y%m%d%H%M` /tmp/age-compare-file
2022-11-26 16:40:08.291672 +0000 build-centos1: if ! [ /home/user/builder-r4.1/repo-latest-snapshot/current-testing-vm-centos-stream8-app-split-git -ot /tmp/age-compare-file ]; then \
2022-11-26 16:40:08.291691 +0000 build-centos1: .echo "`tput bold`*** Packages weren't in current-testing for at least 5 days! ***`tput sgr0`"; \
2022-11-26 16:40:08.291698 +0000 build-centos1: .exit 1; \
2022-11-26 16:40:08.291703 +0000 build-centos1: fi
2022-11-26 16:40:08.292405 +0000 build-centos1: rm -f /tmp/age-compare-file
2022-11-26 16:40:08.294922 +0000 build-centos1: /home/user/builder-r4.1/qubes-src/builder-rpm/Makefile.rpmbuilder:195: target 'update-repo-from-snapshot-do' does not exist
2022-11-26 16:40:08.294956 +0000 build-centos1: for f in pkgs/vm-centos-stream8/qubes-split-git-1.0.1-2.el8.src.rpm pkgs/vm-centos-stream8/qubes-split-git-1.0.1-2.el8.x86_64.rpm pkgs/vm-centos-stream8/qubes-split-git-1.0.1-2.el8.x86_64.buildinfo; do \
2022-11-26 16:40:08.294973 +0000 build-centos1: .ln -f /home/user/builder-r4.1/qubes-src/linux-yum/r4.1/current-testing/vm/centos-stream8/rpm/`basename $f` /home/user/builder-r4.1/qubes-src/linux-yum/r4.1/current/vm/centos-stream8/rpm/ || exit 1; \
2022-11-26 16:40:08.294978 +0000 build-centos1: done
2022-11-26 16:40:08.299891 +0000 build-centos1: + ERR_OUTPUT=/dev/stderr
2022-11-26 16:40:08.299906 +0000 build-centos1: + '[' 2 -lt 2 ']'
2022-11-26 16:40:08.300042 +0000 build-centos1: ++ basename qubes-src/app-split-git/rpm_spec/qubes-split-git.spec.in
2022-11-26 16:40:08.300702 +0000 build-centos1: + [[ xqubes-split-git.spec.in == \x\.\i\n ]]
2022-11-26 16:40:08.300712 +0000 build-centos1: + '[' -r qubes-src/app-split-git/rpm_spec/qubes-split-git.spec.in ']'
2022-11-26 16:40:08.300788 +0000 build-centos1: ++ mktemp --tmpdir tmp.XXXXXX.spec
2022-11-26 16:40:08.301381 +0000 build-centos1: + tmp_spec=/tmp/tmp.NY0phM.spec
2022-11-26 16:40:08.301445 +0000 build-centos1: ++ dirname /home/user/builder-r4.1/qubes-src/builder-rpm/scripts/query-spec
2022-11-26 16:40:08.301983 +0000 build-centos1: + /home/user/builder-r4.1/qubes-src/builder-rpm/scripts/generate-spec qubes-src/app-split-git/rpm_spec/qubes-split-git.spec.in /tmp/tmp.NY0phM.spec
2022-11-26 16:40:08.302682 +0000 build-centos1: + '[' 2 -lt 2 ']'
2022-11-26 16:40:08.302694 +0000 build-centos1: + '[' -z qubes-src/app-split-git ']'
2022-11-26 16:40:08.302705 +0000 build-centos1: + cp qubes-src/app-split-git/rpm_spec/qubes-split-git.spec.in qubes-src/app-split-git/rpm_spec/qubes-split-git.spec.in.tmp
2022-11-26 16:40:08.303674 +0000 build-centos1: + read -r ver
2022-11-26 16:40:08.303690 +0000 build-centos1: + '[' x = x ']'
2022-11-26 16:40:08.303700 +0000 build-centos1: + sed -i 's|@VERSION@|1.0.1|g' qubes-src/app-split-git/rpm_spec/qubes-split-git.spec.in.tmp
2022-11-26 16:40:08.304566 +0000 build-centos1: + vnum=1
2022-11-26 16:40:08.304582 +0000 build-centos1: + read -r ver
2022-11-26 16:40:08.304589 +0000 build-centos1: + '[' -e qubes-src/app-split-git/rel ']'
2022-11-26 16:40:08.304611 +0000 build-centos1: + read -r rel
2022-11-26 16:40:08.304617 +0000 build-centos1: + '[' x = x ']'
2022-11-26 16:40:08.304626 +0000 build-centos1: + sed -i 's|@REL@|2|g' qubes-src/app-split-git/rpm_spec/qubes-split-git.spec.in.tmp
2022-11-26 16:40:08.385048 +0000 build-centos1: + rnum=1
2022-11-26 16:40:08.385091 +0000 build-centos1: + read -r rel
2022-11-26 16:40:08.385103 +0000 build-centos1: + sed -i -e s:@BACKEND_VMM@:xen:g qubes-src/app-split-git/rpm_spec/qubes-split-git.spec.in.tmp
2022-11-26 16:40:08.392696 +0000 build-centos1: + grep -q @CHANGELOG@ qubes-src/app-split-git/rpm_spec/qubes-split-git.spec.in.tmp
2022-11-26 16:40:08.393599 +0000 build-centos1: ++ dirname /home/user/builder-r4.1/qubes-src/builder-rpm/scripts/generate-spec
2022-11-26 16:40:08.394138 +0000 build-centos1: + /home/user/builder-r4.1/qubes-src/builder-rpm/scripts/generate-changelog qubes-src/app-split-git qubes-src/app-split-git/rpm_spec/qubes-split-git.spec.in.tmp
2022-11-26 16:40:08.433827 +0000 build-centos1: + cat qubes-src/app-split-git/rpm_spec/qubes-split-git.spec.in.tmp
2022-11-26 16:40:08.434431 +0000 build-centos1: + rm -rf qubes-src/app-split-git/rpm_spec/qubes-split-git.spec.in.tmp
2022-11-26 16:40:08.450456 +0000 build-centos1: + '[' '%{SOURCE0}' = '%{SOURCE0}' ']'
2022-11-26 16:40:08.450599 +0000 build-centos1: ++ dirname /home/user/builder-r4.1/qubes-src/builder-rpm/scripts/query-spec
2022-11-26 16:40:08.451169 +0000 build-centos1: + /home/user/builder-r4.1/qubes-src/builder-rpm/scripts/../tools/spectool --list-files --source 0 /tmp/tmp.NY0phM.spec
2022-11-26 16:40:08.504082 +0000 build-centos1: + rm -f /tmp/tmp.NY0phM.spec
2022-11-26 16:40:08.517331 +0000 build-centos1: /home/user/builder-r4.1/qubes-src/builder-github//Makefile.github:18: target 'notify-github' does not exist
2022-11-26 16:40:08.517353 +0000 build-centos1: [ -z "qubes-split-git-1.0.1-2.el8" ] || /home/user/builder-r4.1/qubes-src/builder-github//notify-issues \
2022-11-26 16:40:08.517362 +0000 build-centos1: .--build-log="" \
2022-11-26 16:40:08.517367 +0000 build-centos1: .upload \
2022-11-26 16:40:08.517373 +0000 build-centos1: ."r4.1" \
2022-11-26 16:40:08.517379 +0000 build-centos1: ."qubes-src/app-split-git" \
2022-11-26 16:40:08.517386 +0000 build-centos1: ."qubes-split-git-1.0.1-2.el8" \
2022-11-26 16:40:08.517391 +0000 build-centos1: ."centos-stream8" \
2022-11-26 16:40:08.517396 +0000 build-centos1: ."vm" \
2022-11-26 16:40:08.517402 +0000 build-centos1: ."current" \
2022-11-26 16:40:08.517411 +0000 build-centos1: ."/home/user/github-notify-state/r4.1-app-split-git-vm-centos-stream8-current" \
2022-11-26 16:40:08.517420 +0000 build-centos1: ."/home/user/github-notify-state/r4.1-app-split-git-vm-centos-stream8-current"
2022-11-26 16:40:08.523661 +0000 build-centos1: + ERR_OUTPUT=/dev/stderr
2022-11-26 16:40:08.523674 +0000 build-centos1: + '[' 2 -lt 2 ']'
2022-11-26 16:40:08.523886 +0000 build-centos1: ++ basename qubes-src/app-split-git/rpm_spec/qubes-split-git.spec.in
2022-11-26 16:40:08.524412 +0000 build-centos1: + [[ xqubes-split-git.spec.in == \x\.\i\n ]]
2022-11-26 16:40:08.524485 +0000 build-centos1: + '[' -r qubes-src/app-split-git/rpm_spec/qubes-split-git.spec.in ']'
2022-11-26 16:40:08.524668 +0000 build-centos1: ++ mktemp --tmpdir tmp.XXXXXX.spec
2022-11-26 16:40:08.525180 +0000 build-centos1: + tmp_spec=/tmp/tmp.NreKuB.spec
2022-11-26 16:40:08.525393 +0000 build-centos1: ++ dirname /home/user/builder-r4.1/qubes-src/builder-rpm/scripts/query-spec
2022-11-26 16:40:08.525878 +0000 build-centos1: + /home/user/builder-r4.1/qubes-src/builder-rpm/scripts/generate-spec qubes-src/app-split-git/rpm_spec/qubes-split-git.spec.in /tmp/tmp.NreKuB.spec
2022-11-26 16:40:08.526673 +0000 build-centos1: + '[' 2 -lt 2 ']'
2022-11-26 16:40:08.526681 +0000 build-centos1: + '[' -z qubes-src/app-split-git ']'
2022-11-26 16:40:08.526692 +0000 build-centos1: + cp qubes-src/app-split-git/rpm_spec/qubes-split-git.spec.in qubes-src/app-split-git/rpm_spec/qubes-split-git.spec.in.tmp
2022-11-26 16:40:08.527562 +0000 build-centos1: + read -r ver
2022-11-26 16:40:08.527569 +0000 build-centos1: + '[' x = x ']'
2022-11-26 16:40:08.527579 +0000 build-centos1: + sed -i 's|@VERSION@|1.0.1|g' qubes-src/app-split-git/rpm_spec/qubes-split-git.spec.in.tmp
2022-11-26 16:40:08.528440 +0000 build-centos1: + vnum=1
2022-11-26 16:40:08.528446 +0000 build-centos1: + read -r ver
2022-11-26 16:40:08.528470 +0000 build-centos1: + '[' -e qubes-src/app-split-git/rel ']'
2022-11-26 16:40:08.528476 +0000 build-centos1: + read -r rel
2022-11-26 16:40:08.528482 +0000 build-centos1: + '[' x = x ']'
2022-11-26 16:40:08.528493 +0000 build-centos1: + sed -i 's|@REL@|2|g' qubes-src/app-split-git/rpm_spec/qubes-split-git.spec.in.tmp
2022-11-26 16:40:08.630279 +0000 build-centos1: + rnum=1
2022-11-26 16:40:08.630314 +0000 build-centos1: + read -r rel
2022-11-26 16:40:08.630325 +0000 build-centos1: + sed -i -e s:@BACKEND_VMM@:xen:g qubes-src/app-split-git/rpm_spec/qubes-split-git.spec.in.tmp
2022-11-26 16:40:08.631199 +0000 build-centos1: + grep -q @CHANGELOG@ qubes-src/app-split-git/rpm_spec/qubes-split-git.spec.in.tmp
2022-11-26 16:40:08.632121 +0000 build-centos1: ++ dirname /home/user/builder-r4.1/qubes-src/builder-rpm/scripts/generate-spec
2022-11-26 16:40:08.632656 +0000 build-centos1: + /home/user/builder-r4.1/qubes-src/builder-rpm/scripts/generate-changelog qubes-src/app-split-git qubes-src/app-split-git/rpm_spec/qubes-split-git.spec.in.tmp
2022-11-26 16:40:08.671849 +0000 build-centos1: + cat qubes-src/app-split-git/rpm_spec/qubes-split-git.spec.in.tmp
2022-11-26 16:40:08.672436 +0000 build-centos1: + rm -rf qubes-src/app-split-git/rpm_spec/qubes-split-git.spec.in.tmp
2022-11-26 16:40:08.687460 +0000 build-centos1: + '[' '%{SOURCE0}' = '%{SOURCE0}' ']'
2022-11-26 16:40:08.687589 +0000 build-centos1: ++ dirname /home/user/builder-r4.1/qubes-src/builder-rpm/scripts/query-spec
2022-11-26 16:40:08.688165 +0000 build-centos1: + /home/user/builder-r4.1/qubes-src/builder-rpm/scripts/../tools/spectool --list-files --source 0 /tmp/tmp.NreKuB.spec
2022-11-26 16:40:08.740968 +0000 build-centos1: + rm -f /tmp/tmp.NreKuB.spec
2022-11-26 16:40:16.344626 +0000 build-centos1: 
2022-11-26 16:40:16.344762 +0000 build-centos1: Makefile:832: update target 'internal-update-repo-current.vm.centos-stream8' due to: internal-update-repo-current.vm.centos-stream8.app-split-git
2022-11-26 16:40:16.344773 +0000 build-centos1: true
2022-11-26 16:40:16.345699 +0000 build-centos1: Makefile:945: target 'post-update-repo-current' does not exist
2022-11-26 16:40:16.345706 +0000 build-centos1: true
2022-11-26 16:40:16.346521 +0000 build-centos1: Makefile:819: update target 'update-repo-current' due to: internal-update-repo-current.vm.centos-stream8 post-update-repo-current
2022-11-26 16:40:16.346528 +0000 build-centos1: true
2022-11-26 16:40:16.347572 +0000 build-centos1: > done
2022-11-26 16:40:16.347741 +0000 > closing log
