2022-11-26 16:39:06.469364 +0000 > starting log
2022-11-26 16:39:06.469584 +0000 build-centos1: > starting build with log
2022-11-26 16:39:06.469595 +0000 build-centos1: >> make args: update-repo-current
2022-11-26 16:39:06.469601 +0000 build-centos1: >> MAKEFLAGS=
2022-11-26 16:39:06.469608 +0000 build-centos1: >> COMPONENTS=remote-desktop
2022-11-26 16:39:06.469615 +0000 build-centos1: >> DISTS_VM=centos-stream8
2022-11-26 16:39:06.469620 +0000 build-centos1: >> DIST_DOM0=
2022-11-26 16:39:06.469628 +0000 build-centos1: >> qubes-builder b7021ac566abccd659dd932f2f557ee90105db4f
2022-11-26 16:39:06.469637 +0000 build-centos1: >> qubes-builder/qubes-src/remote-desktop 33777db8ca23769e68007d992ed92bd545ededd9
2022-11-26 16:39:06.469646 +0000 build-centos1: !! pkgs/vm-centos-stream8/qubes-remote-desktop-4.0.3-1.el8.src.rpm
2022-11-26 16:39:06.469654 +0000 build-centos1: !! pkgs/vm-centos-stream8/qubes-remote-desktop-4.0.3-1.el8.x86_64.buildinfo
2022-11-26 16:39:06.469664 +0000 build-centos1: !! pkgs/vm-centos-stream8/qubes-remote-desktop-4.0.3-1.el8.x86_64.rpm
2022-11-26 16:39:06.469674 +0000 build-centos1: !! pkgs/vm-centos-stream8/qubes-remote-desktop-4.0.3-2.el8.x86_64.buildinfo
2022-11-26 16:39:06.469682 +0000 build-centos1: !! pkgs/vm-centos-stream8/remote-desktop.spec.list
2022-11-26 16:39:06.469692 +0000 build-centos1: !! pkgs/vm-centos8/qubes-remote-desktop-4.0.3-1.centos8.src.rpm
2022-11-26 16:39:06.469700 +0000 build-centos1: !! pkgs/vm-centos8/qubes-remote-desktop-4.0.3-1.centos8.x86_64.buildinfo
2022-11-26 16:39:06.469708 +0000 build-centos1: !! pkgs/vm-centos8/qubes-remote-desktop-4.0.3-1.centos8.x86_64.rpm
2022-11-26 16:39:06.469715 +0000 build-centos1: !! pkgs/vm-centos8/remote-desktop.spec.list
2022-11-26 16:39:06.469731 +0000 build-centos1: 7b827f14bfb0f811ef07f6ef3ccb4a73fd16b8930c5ed9c6873f9bb4f31c2427089e2446f4d12fa49a2fc0f44d27900141660e0c87e2a1e0b73df0e2156b8585  pkgs/vm-centos-stream8/qubes-remote-desktop-4.0.3-1.el8.src.rpm
2022-11-26 16:39:06.469747 +0000 build-centos1: 287226e3d8d147241c0ba9b78e27c514e43e73d84740bf2c6c69869dd08a6efae5c72544f02fe18e08852408f3180c8ceb0567817d192d1d6bb55d5f17867884  pkgs/vm-centos-stream8/qubes-remote-desktop-4.0.3-1.el8.x86_64.buildinfo
2022-11-26 16:39:06.469763 +0000 build-centos1: f6e51257400135e70469f0f0a1ffaaf510caac6a90ce0d566c926a7ac9b656b878719ca7f911e331b37c5ba2b55b23cb93a6b5a000149854cc4708e3887e29a8  pkgs/vm-centos-stream8/qubes-remote-desktop-4.0.3-1.el8.x86_64.rpm
2022-11-26 16:39:06.469778 +0000 build-centos1: 5a88e3679ebf21cc847c4dd366848dc377465fb07f7029b0629a0ac958404266c589fe078ce596c897d978dde780a18a00bca6944775c3c62c52f1241b033ea1  pkgs/vm-centos-stream8/qubes-remote-desktop-4.0.3-2.el8.x86_64.buildinfo
2022-11-26 16:39:06.469792 +0000 build-centos1: fe4ed4a1b08e6062398f715dbf22aa045bea9010161984bb7190ab91c7ad3eb8afbf42fd8801ab07655dab017526ece782261a082c7849bdc002cdd7937e5baa  pkgs/vm-centos-stream8/remote-desktop.spec.list
2022-11-26 16:39:06.469807 +0000 build-centos1: 823eb164a6b61854e9eed7b4bd46d754a007ddb8ba2ed65efdb434b99b1d4cd324ed595d6ee2aab48c5ddcd1b981b664c097181174100c311b1805ebcd533fdd  pkgs/vm-centos8/qubes-remote-desktop-4.0.3-1.centos8.src.rpm
2022-11-26 16:39:06.469823 +0000 build-centos1: a203d39405f5d48858a55ddf3c625477808d9692a5f5977dfe176c1e95e44c0cd57a4ef15d7e7d0a5ab1b0e3a2611c1d05e8e51730ba1b66953148e5ab797a86  pkgs/vm-centos8/qubes-remote-desktop-4.0.3-1.centos8.x86_64.buildinfo
2022-11-26 16:39:06.469838 +0000 build-centos1: 1b806ff6328e10184b745656191071d5ebe82d07ce4e0f50b1368364762df5af680ade6630ce2bd4d758c4aa269955a293610c9112db585c089097d66b0899f9  pkgs/vm-centos8/qubes-remote-desktop-4.0.3-1.centos8.x86_64.rpm
2022-11-26 16:39:06.469851 +0000 build-centos1: 2589456b6f5db2cc3a859322d6c0e6d03b4c04f40672941436ea5a6da6b79a683310db1ff4a32ba70f03122ce842d92ab88421d048de4614c21916470e473ce2  pkgs/vm-centos8/remote-desktop.spec.list
2022-11-26 16:39:06.469860 +0000 build-centos1: ================================================================================
2022-11-26 16:39:06.469869 +0000 build-centos1:                            B U I L D   I N F O                                  
2022-11-26 16:39:06.469882 +0000 build-centos1: Items in red indicate it was automatically generated by configuration file(s)
2022-11-26 16:39:06.469891 +0000 build-centos1: Items in white indicate it was automatically removed by configuration file(s)
2022-11-26 16:39:06.469899 +0000 build-centos1: ================================================================================
2022-11-26 16:39:06.469905 +0000 build-centos1: DISTS_VM:
2022-11-26 16:39:06.469910 +0000 build-centos1:      centos-stream8,
2022-11-26 16:39:06.469916 +0000 build-centos1: DISTS_ALL:
2022-11-26 16:39:06.469921 +0000 build-centos1:      vm-centos-stream8,
2022-11-26 16:39:06.469926 +0000 build-centos1: DIST_DOM0:
2022-11-26 16:39:06.469931 +0000 build-centos1:     
2022-11-26 16:39:06.469937 +0000 build-centos1: BUILDER_PLUGINS:
2022-11-26 16:39:06.469945 +0000 build-centos1:      builder-rpm, mgmt-salt, contrib-configs, builder-github,
2022-11-26 16:39:06.469950 +0000 build-centos1: COMPONENTS:
2022-11-26 16:39:06.469956 +0000 build-centos1:      remote-desktop,
2022-11-26 16:39:06.469961 +0000 build-centos1: GIT_REPOS:
2022-11-26 16:39:06.469967 +0000 build-centos1:      qubes-src/remote-desktop,
2022-11-26 16:39:06.469972 +0000 build-centos1: TEMPLATE:
2022-11-26 16:39:06.469976 +0000 build-centos1:     
2022-11-26 16:39:06.469982 +0000 build-centos1: TEMPLATE_FLAVOR_DIR:
2022-11-26 16:39:06.469987 +0000 build-centos1:     
2022-11-26 16:39:06.469992 +0000 build-centos1: TEMPLATE_ALIAS:
2022-11-26 16:39:06.469997 +0000 build-centos1:     
2022-11-26 16:39:06.470002 +0000 build-centos1: TEMPLATE_LABEL:
2022-11-26 16:39:06.470007 +0000 build-centos1:     
2022-11-26 16:39:06.470012 +0000 build-centos1: > running make
2022-11-26 16:39:06.470022 +0000 build-centos1: Makefile:915: target 'internal-update-repo-current.vm.centos-stream8.remote-desktop' does not exist
2022-11-26 16:39:06.470027 +0000 build-centos1: true
2022-11-26 16:39:06.470040 +0000 build-centos1: Makefile:832: update target 'internal-update-repo-current.vm.centos-stream8' due to: internal-update-repo-current.vm.centos-stream8.remote-desktop
2022-11-26 16:39:06.470045 +0000 build-centos1: true
2022-11-26 16:39:06.470053 +0000 build-centos1: Makefile:923: target 'post-update-repo-current' does not exist
2022-11-26 16:39:06.470059 +0000 build-centos1: for dist in  centos-stream8; do \
2022-11-26 16:39:06.470067 +0000 build-centos1: .repo_base_var="LINUX_REPO_${dist//-/_}_BASEDIR"; \
2022-11-26 16:39:06.470074 +0000 build-centos1: .if [ -n "${!repo_base_var}" ]; then \
2022-11-26 16:39:06.470080 +0000 build-centos1: ..repo_basedir="${!repo_base_var}"; \
2022-11-26 16:39:06.470085 +0000 build-centos1: .else \
2022-11-26 16:39:06.470092 +0000 build-centos1: ..repo_basedir="qubes-src/linux-yum/r4.1"; \
2022-11-26 16:39:06.470097 +0000 build-centos1: .fi; \
2022-11-26 16:39:06.470104 +0000 build-centos1: .repos_to_update="$repos_to_update $repo_basedir"; \
2022-11-26 16:39:06.470109 +0000 build-centos1: done; \
2022-11-26 16:39:06.470115 +0000 build-centos1: pkgset_dist= ; \
2022-11-26 16:39:06.470120 +0000 build-centos1: for dist in ; do \
2022-11-26 16:39:06.470127 +0000 build-centos1: .pkgset_dist="$pkgset_dist dom0/$dist"; \
2022-11-26 16:39:06.470132 +0000 build-centos1: done; \
2022-11-26 16:39:06.470156 +0000 build-centos1: for dist in centos-stream8; do \
2022-11-26 16:39:06.470170 +0000 build-centos1: .pkgset_dist="$pkgset_dist vm/$dist"; \
2022-11-26 16:39:06.470175 +0000 build-centos1: done; \
2022-11-26 16:39:06.470183 +0000 build-centos1: for repo in `echo $repos_to_update|tr ' ' '\n'|sort|uniq`; do \
2022-11-26 16:39:06.470190 +0000 build-centos1: .[ -z "$repo" ] && continue; \
2022-11-26 16:39:06.470197 +0000 build-centos1: .[ -x "$repo/../update_repo-current.sh" ] || continue; \
2022-11-26 16:39:06.470205 +0000 build-centos1: .(cd $repo/.. && ./update_repo-current.sh r4.1 $pkgset_dist); \
2022-11-26 16:39:06.470210 +0000 build-centos1: done
2022-11-26 16:39:06.470219 +0000 build-centos1: ~/builder-r4.1/qubes-src/linux-yum ~/builder-r4.1/qubes-src/linux-yum
2022-11-26 16:39:06.623935 +0000 build-centos1: --> Processing repo: r4.1/current/vm/centos-stream8...
2022-11-26 16:39:06.773149 +0000 build-centos1: warning: Found bdb_ro Packages database while attempting sqlite backend: using bdb_ro backend.
2022-11-26 16:39:09.717177 +0000 build-centos1: Done.
2022-11-26 16:39:09.741562 +0000 build-centos1: ~/builder-r4.1/qubes-src/linux-yum ~/builder-r4.1/qubes-src/linux-yum
2022-11-26 16:39:09.742315 +0000 build-centos1: Syncing r4.1...
2022-11-26 16:39:51.786319 +0000 build-centos1: kex_exchange_identification: Connection closed by remote host.
2022-11-26 16:39:51.786371 +0000 build-centos1: Connection closed by UNKNOWN port 65535.
2022-11-26 16:39:51.786714 +0000 build-centos1: make: *** [Makefile:923: post-update-repo-current] Error 255
2022-11-26 16:39:51.786985 +0000 > closing log
