2023-01-21 08:54:14.537658 +0000 > starting log
2023-01-21 08:54:14.537846 +0000 build-centos1: > starting build with log
2023-01-21 08:54:14.537856 +0000 build-centos1: >> make args: update-repo-current
2023-01-21 08:54:14.537862 +0000 build-centos1: >> MAKEFLAGS=
2023-01-21 08:54:14.537869 +0000 build-centos1: >> COMPONENTS=core-agent-linux-addon-bridge-device
2023-01-21 08:54:14.537875 +0000 build-centos1: >> DISTS_VM=centos-stream8
2023-01-21 08:54:14.537880 +0000 build-centos1: >> DIST_DOM0=
2023-01-21 08:54:14.537887 +0000 build-centos1: >> qubes-builder eb4f67d9f92c16eed8301bfa571492a76aed6255
2023-01-21 08:54:14.537897 +0000 build-centos1: >> qubes-builder/qubes-src/core-agent-linux-addon-bridge-device c7312f2778d6207f449c912b044eb1718d28ea73
2023-01-21 08:54:14.537905 +0000 build-centos1: !! pkgs/vm-centos-stream8/qubes-core-agent-bridge-device-4.0.1-1.el8.x86_64.buildinfo
2023-01-21 08:54:14.537913 +0000 build-centos1: !! pkgs/vm-centos-stream8/qubes-core-agent-bridge-device-4.0.2-1.el8.src.rpm
2023-01-21 08:54:14.537921 +0000 build-centos1: !! pkgs/vm-centos-stream8/qubes-core-agent-bridge-device-4.0.2-1.el8.x86_64.buildinfo
2023-01-21 08:54:14.537929 +0000 build-centos1: !! pkgs/vm-centos-stream8/qubes-core-agent-bridge-device-4.0.2-1.el8.x86_64.rpm
2023-01-21 08:54:14.537938 +0000 build-centos1: !! pkgs/vm-centos-stream8/qubes-core-agent-bridge-device-network-manager-4.0.2-1.el8.x86_64.rpm
2023-01-21 08:54:14.537957 +0000 build-centos1: !! pkgs/vm-centos-stream8/qubes-core-agent-linux-bridge-device.spec.list
2023-01-21 08:54:14.537965 +0000 build-centos1: !! pkgs/vm-centos8/qubes-core-agent-bridge-device-4.0.1-1.centos8.src.rpm
2023-01-21 08:54:14.537973 +0000 build-centos1: !! pkgs/vm-centos8/qubes-core-agent-bridge-device-4.0.1-1.centos8.x86_64.buildinfo
2023-01-21 08:54:14.537981 +0000 build-centos1: !! pkgs/vm-centos8/qubes-core-agent-bridge-device-4.0.1-1.centos8.x86_64.rpm
2023-01-21 08:54:14.537989 +0000 build-centos1: !! pkgs/vm-centos8/qubes-core-agent-bridge-device-network-manager-4.0.1-1.centos8.x86_64.rpm
2023-01-21 08:54:14.537996 +0000 build-centos1: !! pkgs/vm-centos8/qubes-core-agent-linux-bridge-device.spec.list
2023-01-21 08:54:14.538011 +0000 build-centos1: d7570fddbdc67d0c767e2620e3e4043922bcf3a224f740808e2200c8f567d9741e2c4af128dcdf779c13388f1074b8339844d78e1d212fbd90948d26940c9a55  pkgs/vm-centos-stream8/qubes-core-agent-bridge-device-4.0.1-1.el8.x86_64.buildinfo
2023-01-21 08:54:14.538024 +0000 build-centos1: fb80053d0f7fc98cc6f1421855efdd0f0297793779c5edf970eec454119ade229ffe9ddadae8b1539cc9a094d1dfdedb7f6f7222a5ab6da9610a2a12260d4358  pkgs/vm-centos-stream8/qubes-core-agent-bridge-device-4.0.2-1.el8.src.rpm
2023-01-21 08:54:14.538038 +0000 build-centos1: f45e1ca1e83dbe7ccbe60ea78d5ce56ffc1f39bc494bb4a0c9a3e42f942c91baaea0f2e04a0d7b99e7205a804c276aa34fa00a6b0f14b0cb72a03e44e33b8a53  pkgs/vm-centos-stream8/qubes-core-agent-bridge-device-4.0.2-1.el8.x86_64.buildinfo
2023-01-21 08:54:14.538051 +0000 build-centos1: 373ae79d65876d35c28d05e858a667b947b3f421e0b6c829b9a553da97988f7272719682502cc362df46cafe986619e2b41be6467bf717f66bec7e1d50359b8e  pkgs/vm-centos-stream8/qubes-core-agent-bridge-device-4.0.2-1.el8.x86_64.rpm
2023-01-21 08:54:14.538066 +0000 build-centos1: 6b670cac07cbb17c99a30b862f2d6255ec75575e7bb3ea8f9606497899ee123ff420ed46d72708c9ba0d3f92a58b54484b3fba3799c323ac17263674cf0e603b  pkgs/vm-centos-stream8/qubes-core-agent-bridge-device-network-manager-4.0.2-1.el8.x86_64.rpm
2023-01-21 08:54:14.538079 +0000 build-centos1: 9accc18e2db860dc5fa621d9dbf0df2c58ce2bac7c27609f29d681cb69b7c5dcb23b9695475587d1d774fae223f2fa1e16eba6aff7b16066fc8ce267380ad611  pkgs/vm-centos-stream8/qubes-core-agent-linux-bridge-device.spec.list
2023-01-21 08:54:14.538092 +0000 build-centos1: d4fb0889c79b0522efc9f684fc2ab52337c57572730ee7765fdf46e4a551a29b324d952b0ac57588266ac09f04cbe6b1758a1700bd1fb9371f0aa5d1bf3213a7  pkgs/vm-centos8/qubes-core-agent-bridge-device-4.0.1-1.centos8.src.rpm
2023-01-21 08:54:14.538105 +0000 build-centos1: ef49a48ee0313b1bc9cd9298c2ed91b95ebe2712901ce6dff0bae41a6cab1a74b464b47b731e14d455b01c6fe340f841336a840d55645d992385a125a72b57ee  pkgs/vm-centos8/qubes-core-agent-bridge-device-4.0.1-1.centos8.x86_64.buildinfo
2023-01-21 08:54:14.538123 +0000 build-centos1: 5a70fcde14b94eb6e448307c9a68d70fc0f4e7bfed71124cf82fef9e4cebcc092d74e5d6db26cc86cfea8566e1ac6515ea9fafd8923992fdc4b88944f5cc1a07  pkgs/vm-centos8/qubes-core-agent-bridge-device-4.0.1-1.centos8.x86_64.rpm
2023-01-21 08:54:14.538137 +0000 build-centos1: 0ebc5df4e264091f1c58a91132a2a7ca0e6980898a8e43d0d7b5b83db535ffec36c63c3d3a76cb46ff3b0e72f4ce069aa09d69998809e41463e7970b1df2516b  pkgs/vm-centos8/qubes-core-agent-bridge-device-network-manager-4.0.1-1.centos8.x86_64.rpm
2023-01-21 08:54:14.538150 +0000 build-centos1: 300740474d4ecf240451b0f989d1b2e95c3e3c7370745cd70765c2e58c8b6fefc7e040027ab6304675d52f0b4fbf80d6c0887047abed8fbede40fd355d8215d3  pkgs/vm-centos8/qubes-core-agent-linux-bridge-device.spec.list
2023-01-21 08:54:14.538158 +0000 build-centos1: ================================================================================
2023-01-21 08:54:14.538166 +0000 build-centos1:                            B U I L D   I N F O                                  
2023-01-21 08:54:14.538174 +0000 build-centos1: Items in red indicate it was automatically generated by configuration file(s)
2023-01-21 08:54:14.538182 +0000 build-centos1: Items in white indicate it was automatically removed by configuration file(s)
2023-01-21 08:54:14.538190 +0000 build-centos1: ================================================================================
2023-01-21 08:54:14.538195 +0000 build-centos1: DISTS_VM:
2023-01-21 08:54:14.538200 +0000 build-centos1:      centos-stream8,
2023-01-21 08:54:14.538205 +0000 build-centos1: DISTS_ALL:
2023-01-21 08:54:14.538210 +0000 build-centos1:      vm-centos-stream8,
2023-01-21 08:54:14.538215 +0000 build-centos1: DIST_DOM0:
2023-01-21 08:54:14.538220 +0000 build-centos1:     
2023-01-21 08:54:14.538225 +0000 build-centos1: BUILDER_PLUGINS:
2023-01-21 08:54:14.538232 +0000 build-centos1:      builder-rpm, mgmt-salt, contrib-configs, builder-github,
2023-01-21 08:54:14.538237 +0000 build-centos1: COMPONENTS:
2023-01-21 08:54:14.538252 +0000 build-centos1:      core-agent-linux-addon-bridge-device,
2023-01-21 08:54:14.538257 +0000 build-centos1: GIT_REPOS:
2023-01-21 08:54:14.538264 +0000 build-centos1:      qubes-src/core-agent-linux-addon-bridge-device,
2023-01-21 08:54:14.538268 +0000 build-centos1: TEMPLATE:
2023-01-21 08:54:14.538273 +0000 build-centos1:     
2023-01-21 08:54:14.538278 +0000 build-centos1: TEMPLATE_FLAVOR_DIR:
2023-01-21 08:54:14.538283 +0000 build-centos1:     
2023-01-21 08:54:14.538288 +0000 build-centos1: TEMPLATE_ALIAS:
2023-01-21 08:54:14.538293 +0000 build-centos1:     
2023-01-21 08:54:14.538298 +0000 build-centos1: TEMPLATE_LABEL:
2023-01-21 08:54:14.538302 +0000 build-centos1:     
2023-01-21 08:54:14.538308 +0000 build-centos1: > running make
2023-01-21 08:54:14.538317 +0000 build-centos1: Makefile:915: target 'internal-update-repo-current.vm.centos-stream8.core-agent-linux-addon-bridge-device' does not exist
2023-01-21 08:54:14.538322 +0000 build-centos1: true
2023-01-21 08:54:14.538334 +0000 build-centos1: Makefile:832: update target 'internal-update-repo-current.vm.centos-stream8' due to: internal-update-repo-current.vm.centos-stream8.core-agent-linux-addon-bridge-device
2023-01-21 08:54:14.538338 +0000 build-centos1: true
2023-01-21 08:54:14.538345 +0000 build-centos1: Makefile:923: target 'post-update-repo-current' does not exist
2023-01-21 08:54:14.538351 +0000 build-centos1: for dist in  centos-stream8; do \
2023-01-21 08:54:14.538358 +0000 build-centos1: .repo_base_var="LINUX_REPO_${dist//-/_}_BASEDIR"; \
2023-01-21 08:54:14.538364 +0000 build-centos1: .if [ -n "${!repo_base_var}" ]; then \
2023-01-21 08:54:14.538371 +0000 build-centos1: ..repo_basedir="${!repo_base_var}"; \
2023-01-21 08:54:14.538375 +0000 build-centos1: .else \
2023-01-21 08:54:14.538382 +0000 build-centos1: ..repo_basedir="qubes-src/linux-yum/r4.1"; \
2023-01-21 08:54:14.538391 +0000 build-centos1: .fi; \
2023-01-21 08:54:14.538398 +0000 build-centos1: .repos_to_update="$repos_to_update $repo_basedir"; \
2023-01-21 08:54:14.538403 +0000 build-centos1: done; \
2023-01-21 08:54:14.538408 +0000 build-centos1: pkgset_dist= ; \
2023-01-21 08:54:14.538413 +0000 build-centos1: for dist in ; do \
2023-01-21 08:54:14.538419 +0000 build-centos1: .pkgset_dist="$pkgset_dist dom0/$dist"; \
2023-01-21 08:54:14.538424 +0000 build-centos1: done; \
2023-01-21 08:54:14.538430 +0000 build-centos1: for dist in centos-stream8; do \
2023-01-21 08:54:14.538436 +0000 build-centos1: .pkgset_dist="$pkgset_dist vm/$dist"; \
2023-01-21 08:54:14.538441 +0000 build-centos1: done; \
2023-01-21 08:54:14.538448 +0000 build-centos1: for repo in `echo $repos_to_update|tr ' ' '\n'|sort|uniq`; do \
2023-01-21 08:54:14.538454 +0000 build-centos1: .[ -z "$repo" ] && continue; \
2023-01-21 08:54:14.538461 +0000 build-centos1: .[ -x "$repo/../update_repo-current.sh" ] || continue; \
2023-01-21 08:54:14.538468 +0000 build-centos1: .(cd $repo/.. && ./update_repo-current.sh r4.1 $pkgset_dist); \
2023-01-21 08:54:14.538472 +0000 build-centos1: done
2023-01-21 08:54:14.538480 +0000 build-centos1: ~/builder-r4.1/qubes-src/linux-yum ~/builder-r4.1/qubes-src/linux-yum
2023-01-21 08:54:14.538487 +0000 build-centos1: --> Processing repo: r4.1/current/vm/centos-stream8...
2023-01-21 08:54:14.538495 +0000 build-centos1: warning: Found bdb_ro Packages database while attempting sqlite backend: using bdb_ro backend.
2023-01-21 08:54:14.755129 +0000 build-centos1: Done.
2023-01-21 08:54:14.756780 +0000 build-centos1: ~/builder-r4.1/qubes-src/linux-yum ~/builder-r4.1/qubes-src/linux-yum
2023-01-21 08:54:14.757675 +0000 build-centos1: Syncing r4.1...
2023-01-21 08:54:15.769066 +0000 build-centos1: sending incremental file list
2023-01-21 08:54:15.805656 +0000 build-centos1: .d..t...... centos-stream8/
2023-01-21 08:54:15.805676 +0000 build-centos1: <f..t...... centos-stream8/repodata/repomd.xml.asc
2023-01-21 08:54:15.805731 +0000 build-centos1: .            488 100%    0.00kB/s    0:00:00  .            488 100%    0.00kB/s    0:00:00 (xfr#1, to-chk=25/40)
2023-01-21 08:54:15.805740 +0000 build-centos1: .d..t...... centos-stream8/rpm/
2023-01-21 08:54:16.386738 +0000 build-centos1: Makefile:819: update target 'update-repo-current' due to: internal-update-repo-current.vm.centos-stream8 post-update-repo-current
2023-01-21 08:54:16.386777 +0000 build-centos1: true
2023-01-21 08:54:16.387731 +0000 build-centos1: > done
2023-01-21 08:54:16.387877 +0000 > closing log
