2020-11-11 09:24:46.958951 +0000 > starting log
2020-11-11 09:24:46.960016 +0000 build-centos1: > starting build with log
2020-11-11 09:24:46.960156 +0000 build-centos1: >> make args: update-repo-current
2020-11-11 09:24:46.960208 +0000 build-centos1: >> MAKEFLAGS=
2020-11-11 09:24:46.960261 +0000 build-centos1: >> COMPONENTS=desktop-linux-i3-gaps
2020-11-11 09:24:46.960311 +0000 build-centos1: >> DISTS_VM=centos7 centos8
2020-11-11 09:24:46.960355 +0000 build-centos1: >> DIST_DOM0=
2020-11-11 09:24:46.960411 +0000 build-centos1: >> qubes-builder ac1d81e4f99bcb638f68c61e23781c6c192e1621
2020-11-11 09:24:46.960476 +0000 build-centos1: >> qubes-builder/qubes-src/desktop-linux-i3-gaps 88e4e507568e16d1fd7a0183cb24553667183228
2020-11-11 09:24:46.960525 +0000 build-centos1: !! i3-4.18.1.tar.bz2
2020-11-11 09:24:46.960579 +0000 build-centos1: !! pkgs/vm-centos8/i3-gaps-4.18.1-1.centos8.src.rpm
2020-11-11 09:24:46.960635 +0000 build-centos1: !! pkgs/vm-centos8/i3-gaps-4.18.1-1.centos8.x86_64.buildinfo
2020-11-11 09:24:46.960688 +0000 build-centos1: !! pkgs/vm-centos8/i3-gaps-4.18.1-1.centos8.x86_64.rpm
2020-11-11 09:24:46.960744 +0000 build-centos1: !! pkgs/vm-centos8/i3-gaps-debuginfo-4.18.1-1.centos8.x86_64.rpm
2020-11-11 09:24:46.960801 +0000 build-centos1: !! pkgs/vm-centos8/i3-gaps-debugsource-4.18.1-1.centos8.x86_64.rpm
2020-11-11 09:24:46.960857 +0000 build-centos1: !! pkgs/vm-centos8/i3-gaps-devel-4.18.1-1.centos8.x86_64.rpm
2020-11-11 09:24:46.960914 +0000 build-centos1: !! pkgs/vm-centos8/i3-gaps-devel-doc-4.18.1-1.centos8.noarch.rpm
2020-11-11 09:24:46.960968 +0000 build-centos1: !! pkgs/vm-centos8/i3-gaps-doc-4.18.1-1.centos8.noarch.rpm
2020-11-11 09:24:46.961017 +0000 build-centos1: !! pkgs/vm-centos8/i3-gaps.spec.list
2020-11-11 09:24:46.961170 +0000 build-centos1: 41b0a8f7b4c73cbf41c49e347f59a40b6213085c6d4ab1c1b0fd3506b88b19118a0669f57050017ee04afbef0c6afea0bb72be87cb471ac70a8783d29d37134d  i3-4.18.1.tar.bz2
2020-11-11 09:24:46.961268 +0000 build-centos1: 283e5e8e5652918ebd628b6bd38bd85b71d182ff2223d0cf9b350939f10d70ffea8823c11b8f622860efdeac210cfef554f9f9b63bf486e19e7cb32fb0b50e90  pkgs/vm-centos8/i3-gaps-4.18.1-1.centos8.src.rpm
2020-11-11 09:24:46.961366 +0000 build-centos1: 1450775410e8689c8593938139e5574cd16df6c809e42df896d46f54dbcbb03f886580978a6591e3224bbe6bd70f7700089ee86f66e2acfd83c4eedebb511e82  pkgs/vm-centos8/i3-gaps-4.18.1-1.centos8.x86_64.buildinfo
2020-11-11 09:24:46.961461 +0000 build-centos1: b439d79fab7b1c7ded281c29b86eef1eccfb3aa0f8d0d8451f1e95c24761022b9c9127e0a76ab7402f268d04d9907f8ebff51d007a2d089413648e198bb29beb  pkgs/vm-centos8/i3-gaps-4.18.1-1.centos8.x86_64.rpm
2020-11-11 09:24:46.961559 +0000 build-centos1: 3abfc16766439941cda8debd86cc1eb6da4615d765a5d205383e5b108b90450584ac5445f3e3e6108c8131338e69558c5243adb382417c1ca280eea442949c6c  pkgs/vm-centos8/i3-gaps-debuginfo-4.18.1-1.centos8.x86_64.rpm
2020-11-11 09:24:46.961656 +0000 build-centos1: 798b99869e14925f7b6152c3d956a399a3ca2f728e864122b8d8b6737760f189848c5d9d7b4544b932d2d1314441384389e7974abd6015cbd0fcbe7c260df4a3  pkgs/vm-centos8/i3-gaps-debugsource-4.18.1-1.centos8.x86_64.rpm
2020-11-11 09:24:46.961752 +0000 build-centos1: db8cece75eb69219dcf0c29513c285bc4500a20cf69d4d1b4411e82cf9c9cbaec0295f778383cd111ce41e6ea09a8708ba52d0e4cfb895d8801db2e1eb3dbb8a  pkgs/vm-centos8/i3-gaps-devel-4.18.1-1.centos8.x86_64.rpm
2020-11-11 09:24:46.961849 +0000 build-centos1: 5cf6c49bbfeeee1450abec0d59929a8b0782a33789d3099fa4d85eee81ee8d371e49bda93727aac38f6f00f80faa486f763a2cf7d173923cfbe1d0bca9f87d11  pkgs/vm-centos8/i3-gaps-devel-doc-4.18.1-1.centos8.noarch.rpm
2020-11-11 09:24:46.961943 +0000 build-centos1: 688020025d3be04aff2c6cb5013c8516510d03c4bfd270025de710369690119b4bd6be1770c13910d95b19df501113df22f14eae92424f6c5d83b5ef63a7a641  pkgs/vm-centos8/i3-gaps-doc-4.18.1-1.centos8.noarch.rpm
2020-11-11 09:24:46.962084 +0000 build-centos1: cd96d0caec582de30ae3015804105ef7922795e750ce0e6afdb569ebbe0d51471b81c4a6985321c65343881f4acc8d755c579bf9eaa316f09a67901d47195e47  pkgs/vm-centos8/i3-gaps.spec.list
2020-11-11 09:24:46.962162 +0000 build-centos1: ================================================================================
2020-11-11 09:24:46.962254 +0000 build-centos1:                            B U I L D   I N F O                                  
2020-11-11 09:24:46.962324 +0000 build-centos1: Items in red indicate it was automatically generated by configuration file(s)
2020-11-11 09:24:46.962386 +0000 build-centos1: Items in white indicate it was automatically removed by configuration file(s)
2020-11-11 09:24:46.962449 +0000 build-centos1: ================================================================================
2020-11-11 09:24:46.962494 +0000 build-centos1: DISTS_VM:
2020-11-11 09:24:46.962541 +0000 build-centos1:      centos7, centos8,
2020-11-11 09:24:46.962584 +0000 build-centos1: DISTS_ALL:
2020-11-11 09:24:46.962632 +0000 build-centos1:      vm-centos7, vm-centos8,
2020-11-11 09:24:46.962674 +0000 build-centos1: DIST_DOM0:
2020-11-11 09:24:46.962714 +0000 build-centos1:     
2020-11-11 09:24:46.962758 +0000 build-centos1: BUILDER_PLUGINS:
2020-11-11 09:24:46.962814 +0000 build-centos1:      builder-rpm, mgmt-salt, contrib-configs, builder-github,
2020-11-11 09:24:46.962855 +0000 build-centos1: COMPONENTS:
2020-11-11 09:24:46.962901 +0000 build-centos1:      desktop-linux-i3-gaps,
2020-11-11 09:24:46.962944 +0000 build-centos1: GIT_REPOS:
2020-11-11 09:24:46.962993 +0000 build-centos1:      qubes-src/desktop-linux-i3-gaps,
2020-11-11 09:24:46.963089 +0000 build-centos1: TEMPLATE:
2020-11-11 09:24:46.963140 +0000 build-centos1:     
2020-11-11 09:24:46.963186 +0000 build-centos1: TEMPLATE_FLAVOR_DIR:
2020-11-11 09:24:46.963226 +0000 build-centos1:     
2020-11-11 09:24:46.963269 +0000 build-centos1: TEMPLATE_ALIAS:
2020-11-11 09:24:46.963309 +0000 build-centos1:     
2020-11-11 09:24:46.963352 +0000 build-centos1: TEMPLATE_LABEL:
2020-11-11 09:24:46.963392 +0000 build-centos1:     
2020-11-11 09:24:46.963434 +0000 build-centos1: > running make
2020-11-11 09:24:46.963500 +0000 build-centos1: Makefile:831: target 'internal-update-repo-current.vm.centos7.desktop-linux-i3-gaps' does not exist
2020-11-11 09:24:46.963554 +0000 build-centos1: repo_base_var="LINUX_REPO_centos7_BASEDIR"; \
2020-11-11 09:24:46.963610 +0000 build-centos1: if [ "desktop-linux-i3-gaps" = linux-template-builder ]; then \
2020-11-11 09:24:46.963668 +0000 build-centos1: .# templates belongs to dom0 repository, even though PACKAGE_SET=vm
2020-11-11 09:24:46.963718 +0000 build-centos1: repo_base_var="LINUX_REPO__BASEDIR"; \
2020-11-11 09:24:46.963759 +0000 build-centos1: fi; \
2020-11-11 09:24:46.963808 +0000 build-centos1: if [ -n "${!repo_base_var}" ]; then \
2020-11-11 09:24:46.963858 +0000 build-centos1: .repo_basedir="${!repo_base_var}"; \
2020-11-11 09:24:46.963899 +0000 build-centos1: else \
2020-11-11 09:24:46.963949 +0000 build-centos1: .repo_basedir="qubes-src/linux-yum/r4.0"; \
2020-11-11 09:24:46.963989 +0000 build-centos1: fi; \
2020-11-11 09:24:46.964095 +0000 build-centos1: if [ -r qubes-src/desktop-linux-i3-gaps/Makefile.builder ]; then \
2020-11-11 09:24:46.964163 +0000 build-centos1: .echo -n "Updating qubes-src/desktop-linux-i3-gaps... "; \
2020-11-11 09:24:46.964211 +0000 build-centos1: .if [ "0" -eq 1 ]; then \
2020-11-11 09:24:46.964310 +0000 build-centos1: ..vtag=`git -C qubes-src/desktop-linux-i3-gaps tag --points-at HEAD --list v*`; \
2020-11-11 09:24:46.964366 +0000 build-centos1: ..if [ -z "$vtag" ]; then \
2020-11-11 09:24:46.964753 +0000 build-centos1: ...echo "no version tag"; \
2020-11-11 09:24:46.964815 +0000 build-centos1: ...exit 0; \
2020-11-11 09:24:46.964864 +0000 build-centos1: ..fi; \
2020-11-11 09:24:46.964908 +0000 build-centos1: .fi; \
2020-11-11 09:24:46.964968 +0000 build-centos1: .if [ "desktop-linux-i3-gaps" = linux-template-builder ]; then
2020-11-11 09:24:46.965100 +0000 build-centos1: export TEMPLATE_NAME=$(MAKEFLAGS= make -s -C qubes-src/linux-template-builder DIST=centos7 template-name)
2020-11-11 09:24:46.965160 +0000 build-centos1: fi
2020-11-11 09:24:46.965272 +0000 build-centos1: component_packages=$(MAKEFLAGS= make -s -f Makefile.generic DIST=centos7 PACKAGE_SET=vm COMPONENT=`basename qubes-src/desktop-linux-i3-gaps` UPDATE_REPO=/home/user/builder-r4.0/$repo_basedir/current/vm/centos7 get-var GET_VAR=PACKAGE_LIST); \
2020-11-11 09:24:46.965426 +0000 build-centos1: .if [ -z "$component_packages" ]; then \
2020-11-11 09:24:46.965488 +0000 build-centos1: ..echo "no packages."; \
2020-11-11 09:24:46.965534 +0000 build-centos1: ..exit 0; \
2020-11-11 09:24:46.965577 +0000 build-centos1: .fi; \
2020-11-11 09:24:46.965635 +0000 build-centos1: .make -s -f Makefile.generic DIST=centos7 PACKAGE_SET=vm \
2020-11-11 09:24:46.965717 +0000 build-centos1: ..COMPONENT=`basename qubes-src/desktop-linux-i3-gaps` \
2020-11-11 09:24:46.965769 +0000 build-centos1: ..SNAPSHOT_REPO=current-testing \
2020-11-11 09:24:46.965816 +0000 build-centos1: ..TARGET_REPO=current \
2020-11-11 09:24:46.965876 +0000 build-centos1: ..UPDATE_REPO=/home/user/builder-r4.0/$repo_basedir/current/vm/centos7 \
2020-11-11 09:24:46.965954 +0000 build-centos1: ..SNAPSHOT_FILE=/home/user/builder-r4.0/repo-latest-snapshot/current-testing-vm-centos7-`basename qubes-src/desktop-linux-i3-gaps` \
2020-11-11 09:24:46.966003 +0000 build-centos1: ..BUILD_LOG_URL= \
2020-11-11 09:24:46.966121 +0000 build-centos1: ..update-repo-from-snapshot || exit 1; \
2020-11-11 09:24:46.966193 +0000 build-centos1: elif make -C qubes-src/desktop-linux-i3-gaps -n update-repo-current >/dev/null 2>/dev/null; then \
2020-11-11 09:24:46.966252 +0000 build-centos1: .echo "Updating qubes-src/desktop-linux-i3-gaps... "; \
2020-11-11 09:24:46.966317 +0000 build-centos1: .DIST=centos7 UPDATE_REPO=/home/user/builder-r4.0/$repo_basedir/current/vm/centos7 \
2020-11-11 09:24:46.966379 +0000 build-centos1: .make -s -C qubes-src/desktop-linux-i3-gaps update-repo-current || exit 1; \
2020-11-11 09:24:46.966421 +0000 build-centos1: else \
2020-11-11 09:24:46.966479 +0000 build-centos1: .echo -n "Updating qubes-src/desktop-linux-i3-gaps... skipping."; \
2020-11-11 09:24:46.966520 +0000 build-centos1: fi; \
2020-11-11 09:24:46.966560 +0000 build-centos1: echo
2020-11-11 09:24:46.966630 +0000 build-centos1: Updating qubes-src/desktop-linux-i3-gaps... Makefile.generic:223: target 'update-repo-date-check' does not exist
2020-11-11 09:24:46.966703 +0000 build-centos1: if ! [ -r /home/user/builder-r4.0/repo-latest-snapshot/current-testing-vm-centos7-desktop-linux-i3-gaps ]; then \
2020-11-11 09:24:46.966768 +0000 build-centos1: .echo "`tput bold`*** Packages weren't uploaded to current-testing! ***`tput sgr0`"; \
2020-11-11 09:24:46.966812 +0000 build-centos1: .exit 1; \
2020-11-11 09:24:46.966853 +0000 build-centos1: fi
2020-11-11 09:24:46.966904 +0000 build-centos1: tput: No value for $TERM and no -T specified
2020-11-11 09:24:46.966954 +0000 build-centos1: tput: No value for $TERM and no -T specified
2020-11-11 09:24:46.967008 +0000 build-centos1: *** Packages weren't uploaded to current-testing! ***
2020-11-11 09:24:46.967128 +0000 build-centos1: make[1]: *** [Makefile.generic:223: update-repo-date-check] Error 1
2020-11-11 09:24:46.967197 +0000 build-centos1: make: *** [Makefile:831: internal-update-repo-current.vm.centos7.desktop-linux-i3-gaps] Error 1
2020-11-11 09:24:46.967250 +0000 > closing log
