2022-04-02 14:54:24.284468 +0000 > starting log
2022-04-02 14:54:24.284805 +0000 build-centos1: > starting build with log
2022-04-02 14:54:24.284827 +0000 build-centos1: >> make args: DISTS_VM= centos7 DIST_DOM0= BUILD_LOGS_URL= app-split-git-vm-centos7=https://github.com/QubesOS-contrib/build-logs/tree/master/build-centos1/log_2022-04-02_14-29-12 GIT_URL_app_split_git=https://github.com/QubesOS-contrib/qubes-app-split-git sign-all update-repo-current-testing
2022-04-02 14:54:24.284834 +0000 build-centos1: >> MAKEFLAGS=
2022-04-02 14:54:24.284840 +0000 build-centos1: >> COMPONENTS=app-split-git
2022-04-02 14:54:24.284845 +0000 build-centos1: >> DISTS_VM=
2022-04-02 14:54:24.284850 +0000 build-centos1: >> DIST_DOM0=
2022-04-02 14:54:24.284857 +0000 build-centos1: >> qubes-builder 1fb9d931e2644a4e8819f486db9c08140bd8e1c7
2022-04-02 14:54:24.284865 +0000 build-centos1: >> qubes-builder/qubes-src/app-split-git a364288c0c534d65f039032a7ca41fcc681c6d31
2022-04-02 14:54:24.284872 +0000 build-centos1: ?? pkgs/vm-centos7/qubes-split-git-1.0.1-1.centos7.src.rpm
2022-04-02 14:54:24.284879 +0000 build-centos1: ?? pkgs/vm-centos7/qubes-split-git-1.0.1-1.centos7.x86_64.buildinfo
2022-04-02 14:54:24.284886 +0000 build-centos1: ?? pkgs/vm-centos7/qubes-split-git-1.0.1-1.centos7.x86_64.rpm
2022-04-02 14:54:24.284892 +0000 build-centos1: ?? pkgs/vm-centos7/qubes-split-git-1.0.1-2.el7.src.rpm
2022-04-02 14:54:24.284899 +0000 build-centos1: ?? pkgs/vm-centos7/qubes-split-git-1.0.1-2.el7.x86_64.buildinfo
2022-04-02 14:54:24.284906 +0000 build-centos1: ?? pkgs/vm-centos7/qubes-split-git-1.0.1-2.el7.x86_64.rpm
2022-04-02 14:54:24.284912 +0000 build-centos1: ?? pkgs/vm-centos7/qubes-split-git.spec.list
2022-04-02 14:54:24.284919 +0000 build-centos1: ?? pkgs/vm-centos8/qubes-split-git-1.0.1-1.centos8.x86_64.buildinfo
2022-04-02 14:54:24.284925 +0000 build-centos1: ?? pkgs/vm-centos8/qubes-split-git.spec.list
2022-04-02 14:54:24.284938 +0000 build-centos1: 0e68bcecd678628f05ed7b33cfdc927094947f77a8424343d8f61834cbaa55bf3856c0ee9e558c58e455e9acfdbc37dc0b70dd808e04b798ed19d5e7646b5704  pkgs/vm-centos7/qubes-split-git-1.0.1-1.centos7.src.rpm
2022-04-02 14:54:24.284950 +0000 build-centos1: bb101773b63f172837276dac1ebdfe931fcc371010f0defcff20bfb060fe60a32e46829adbd090794958e1c9e0265a21c1946d86ee16715a61d4cc4e02d97cc3  pkgs/vm-centos7/qubes-split-git-1.0.1-1.centos7.x86_64.buildinfo
2022-04-02 14:54:24.284963 +0000 build-centos1: ed267249413c1ba3ea4c8da8f0344260a11910331dd764c3563c0a6969dbfcb64997df8bf3fb6cdfba4f606d6e500e1ac6343798bffcacf0618ae599b0918ee7  pkgs/vm-centos7/qubes-split-git-1.0.1-1.centos7.x86_64.rpm
2022-04-02 14:54:24.284975 +0000 build-centos1: 3f8e28c5fd278f670c5e9e957beca975cfeba4fecfe95d69614aaa716b268a28a6e0b1311f0eaa0f9ceeb414e7a703e72b07370ac408b5d626573149dec30559  pkgs/vm-centos7/qubes-split-git-1.0.1-2.el7.src.rpm
2022-04-02 14:54:24.284987 +0000 build-centos1: 5e2e712dd4ae33a354a0095e1b2f322e89ba0260a5d1ce6b8d63e014d0faf29683087010daa402fca4ef67dd9e09603d9a92e2c05130bccf2030e7b17ab8c912  pkgs/vm-centos7/qubes-split-git-1.0.1-2.el7.x86_64.buildinfo
2022-04-02 14:54:24.285003 +0000 build-centos1: 566b8ee91204f050784909df8c94d8cbb22fb102c2d96e7df9711a25a2eb561a84dbefcab9c673892e3b5e8561d030729b5ae8ea1d77201683a96e251ea3146a  pkgs/vm-centos7/qubes-split-git-1.0.1-2.el7.x86_64.rpm
2022-04-02 14:54:24.285014 +0000 build-centos1: 3cc9cfbe8de78bd54e7fa523b19900536df17c0e86d43c5992c22ebbc19bdf27b779594610e763a5f014fd41ccff32c991a54fa76f50c4cd2b1f2d28c90ddb67  pkgs/vm-centos7/qubes-split-git.spec.list
2022-04-02 14:54:24.285027 +0000 build-centos1: 81f976e56e02b38f1280a63647fed8eedb5e1bc37da9472bc00a77c55ce637d7138d8b9a1fe9e44cea09ff96f466958a62d298a208da6444cbee4b2ebf9a4a0f  pkgs/vm-centos8/qubes-split-git-1.0.1-1.centos8.x86_64.buildinfo
2022-04-02 14:54:24.285038 +0000 build-centos1: 5238ed05b293bd3673a3823debd92412524181e56fc61b593b22426f1366f2cfc556c84c89225728eb95cee8c7339d482cf4fe31786ea6842d4b815ec8d30997  pkgs/vm-centos8/qubes-split-git.spec.list
2022-04-02 14:54:24.285046 +0000 build-centos1: ================================================================================
2022-04-02 14:54:24.285058 +0000 build-centos1:                            B U I L D   I N F O                                  
2022-04-02 14:54:24.285066 +0000 build-centos1: Items in red indicate it was automatically generated by configuration file(s)
2022-04-02 14:54:24.285074 +0000 build-centos1: Items in white indicate it was automatically removed by configuration file(s)
2022-04-02 14:54:24.285081 +0000 build-centos1: ================================================================================
2022-04-02 14:54:24.285086 +0000 build-centos1: DISTS_VM:
2022-04-02 14:54:24.285091 +0000 build-centos1:      centos7,
2022-04-02 14:54:24.285096 +0000 build-centos1: DISTS_ALL:
2022-04-02 14:54:24.285101 +0000 build-centos1:      vm-centos7,
2022-04-02 14:54:24.285106 +0000 build-centos1: DIST_DOM0:
2022-04-02 14:54:24.285111 +0000 build-centos1:     
2022-04-02 14:54:24.285116 +0000 build-centos1: BUILDER_PLUGINS:
2022-04-02 14:54:24.285123 +0000 build-centos1:      builder-rpm, mgmt-salt, contrib-configs, builder-github,
2022-04-02 14:54:24.285127 +0000 build-centos1: COMPONENTS:
2022-04-02 14:54:24.285133 +0000 build-centos1:      app-split-git,
2022-04-02 14:54:24.285137 +0000 build-centos1: GIT_REPOS:
2022-04-02 14:54:24.285143 +0000 build-centos1:      qubes-src/app-split-git,
2022-04-02 14:54:24.285147 +0000 build-centos1: TEMPLATE:
2022-04-02 14:54:24.285152 +0000 build-centos1:     
2022-04-02 14:54:24.285157 +0000 build-centos1: TEMPLATE_FLAVOR_DIR:
2022-04-02 14:54:24.285161 +0000 build-centos1:     
2022-04-02 14:54:24.285166 +0000 build-centos1: TEMPLATE_ALIAS:
2022-04-02 14:54:24.285171 +0000 build-centos1:     
2022-04-02 14:54:24.285176 +0000 build-centos1: TEMPLATE_LABEL:
2022-04-02 14:54:24.285180 +0000 build-centos1:     
2022-04-02 14:54:24.285185 +0000 build-centos1: > running make
2022-04-02 14:54:24.285192 +0000 build-centos1: Makefile:299: target 'sign.vm.centos7.app-split-git' does not exist
2022-04-02 14:54:24.285220 +0000 build-centos1: if [ -n "app-split-git" -a "0" -ne 0 ]; then BRANCH=master; branch_var="BRANCH_app_split_git"; [ -n "${!branch_var}" ] && BRANCH="${!branch_var}"; pushd qubes-src/app-split-git > /dev/null; CURRENT_BRANCH=`git symbolic-ref --short HEAD 2>/dev/null || git describe --tags --exact-match HEAD`; if [ "$BRANCH" != "$CURRENT_BRANCH" ]; then echo "-> ERROR: Wrong branch $branch_var=$CURRENT_BRANCH (expected $BRANCH)"; exit 1; fi; popd > /dev/null; fi
2022-04-02 14:54:24.285227 +0000 build-centos1: SIGN_KEY=B082674E8CF907A67B5523D64FDD1A4BA90CA2E4; \
2022-04-02 14:54:24.285233 +0000 build-centos1: sign_key_var="SIGN_KEY_${DIST%%+*}"; \
2022-04-02 14:54:24.285252 +0000 build-centos1: [ -n "${!sign_key_var}" ] && SIGN_KEY="${!sign_key_var}"; \
2022-04-02 14:54:24.285259 +0000 build-centos1: if [ "app-split-git" = linux-template-builder ]; then
2022-04-02 14:54:24.285267 +0000 build-centos1: export TEMPLATE_NAME=$(MAKEFLAGS= make -s -C qubes-src/linux-template-builder DIST=centos7 template-name)
2022-04-02 14:54:24.285272 +0000 build-centos1: fi
2022-04-02 14:54:24.285279 +0000 build-centos1: if [ -r qubes-src/app-split-git/Makefile.builder ]; then \
2022-04-02 14:54:24.285286 +0000 build-centos1: .make --no-print-directory -f Makefile.generic \
2022-04-02 14:54:24.285291 +0000 build-centos1: ..DIST=centos7 \
2022-04-02 14:54:24.285296 +0000 build-centos1: ..PACKAGE_SET=vm \
2022-04-02 14:54:24.285302 +0000 build-centos1: ..COMPONENT=app-split-git \
2022-04-02 14:54:24.285307 +0000 build-centos1: ..SIGN_KEY=$SIGN_KEY \
2022-04-02 14:54:24.285312 +0000 build-centos1: ..sign || exit 1; \
2022-04-02 14:54:24.285319 +0000 build-centos1: elif [ -d qubes-src/app-split-git/rpm ]; then \
2022-04-02 14:54:24.285325 +0000 build-centos1: .# Old mechanism supported only for RPM
2022-04-02 14:54:24.285332 +0000 build-centos1: FILE_LIST=""; for RPM in qubes-src/app-split-git/rpm/*/*.rpm; do \
2022-04-02 14:54:24.285339 +0000 build-centos1: ..if ! qubes-src/installer-qubes-os/rpm_verify $RPM > /dev/null; then \
2022-04-02 14:54:24.285349 +0000 build-centos1: ...FILE_LIST="$FILE_LIST $RPM" ;\
2022-04-02 14:54:24.285354 +0000 build-centos1: ..fi ;\
2022-04-02 14:54:24.285359 +0000 build-centos1: .done ; \
2022-04-02 14:54:24.285365 +0000 build-centos1: .if [ -n "$FILE_LIST" ]; then \
2022-04-02 14:54:24.285370 +0000 build-centos1: ..echo "--> Signing..."; \
2022-04-02 14:54:24.285376 +0000 build-centos1: ..RPMSIGN_OPTS=--digest-algo=sha256; \
2022-04-02 14:54:24.285382 +0000 build-centos1: ..if [ -n "$SIGN_KEY" ]; then \
2022-04-02 14:54:24.285388 +0000 build-centos1: ...RPMSIGN_OPTS="--key-id=$SIGN_KEY"; \
2022-04-02 14:54:24.285393 +0000 build-centos1: ..fi; \
2022-04-02 14:54:24.285400 +0000 build-centos1: ..setsid -w rpmsign "$RPMSIGN_OPTS" --addsign $FILE_LIST </dev/null ;\
2022-04-02 14:54:24.285405 +0000 build-centos1: .fi; \
2022-04-02 14:54:24.285409 +0000 build-centos1: fi
2022-04-02 14:54:24.285415 +0000 build-centos1: + ERR_OUTPUT=/dev/stderr
2022-04-02 14:54:24.285420 +0000 build-centos1: + '[' 2 -lt 2 ']'
2022-04-02 14:54:24.285427 +0000 build-centos1: ++ basename qubes-src/app-split-git/rpm_spec/qubes-split-git.spec.in
2022-04-02 14:54:24.285433 +0000 build-centos1: + [[ xqubes-split-git.spec.in == \x\.\i\n ]]
2022-04-02 14:54:24.285440 +0000 build-centos1: + '[' -r qubes-src/app-split-git/rpm_spec/qubes-split-git.spec.in ']'
2022-04-02 14:54:24.285446 +0000 build-centos1: ++ mktemp --tmpdir tmp.XXXXXX.spec
2022-04-02 14:54:24.285452 +0000 build-centos1: + tmp_spec=/tmp/tmp.3A3fJc.spec
2022-04-02 14:54:24.285459 +0000 build-centos1: ++ dirname /home/user/builder-r4.0/qubes-src/builder-rpm/scripts/query-spec
2022-04-02 14:54:24.285470 +0000 build-centos1: + /home/user/builder-r4.0/qubes-src/builder-rpm/scripts/generate-spec qubes-src/app-split-git/rpm_spec/qubes-split-git.spec.in /tmp/tmp.3A3fJc.spec
2022-04-02 14:54:24.285475 +0000 build-centos1: + '[' 2 -lt 2 ']'
2022-04-02 14:54:24.285481 +0000 build-centos1: + '[' -z qubes-src/app-split-git ']'
2022-04-02 14:54:24.285490 +0000 build-centos1: + cp qubes-src/app-split-git/rpm_spec/qubes-split-git.spec.in qubes-src/app-split-git/rpm_spec/qubes-split-git.spec.in.tmp
2022-04-02 14:54:24.285495 +0000 build-centos1: + read -r ver
2022-04-02 14:54:24.285501 +0000 build-centos1: + '[' x = x ']'
2022-04-02 14:54:24.285509 +0000 build-centos1: + sed -i 's|@VERSION@|1.0.1|g' qubes-src/app-split-git/rpm_spec/qubes-split-git.spec.in.tmp
2022-04-02 14:54:24.285513 +0000 build-centos1: + vnum=1
2022-04-02 14:54:24.285528 +0000 build-centos1: + read -r ver
2022-04-02 14:54:24.285535 +0000 build-centos1: + '[' -e qubes-src/app-split-git/rel ']'
2022-04-02 14:54:24.285540 +0000 build-centos1: + read -r rel
2022-04-02 14:54:24.285545 +0000 build-centos1: + '[' x = x ']'
2022-04-02 14:54:24.285553 +0000 build-centos1: + sed -i 's|@REL@|2|g' qubes-src/app-split-git/rpm_spec/qubes-split-git.spec.in.tmp
2022-04-02 14:54:24.310570 +0000 build-centos1: + rnum=1
2022-04-02 14:54:24.310606 +0000 build-centos1: + read -r rel
2022-04-02 14:54:24.310615 +0000 build-centos1: + sed -i -e s:@BACKEND_VMM@:xen:g qubes-src/app-split-git/rpm_spec/qubes-split-git.spec.in.tmp
2022-04-02 14:54:24.337655 +0000 build-centos1: + grep -q @CHANGELOG@ qubes-src/app-split-git/rpm_spec/qubes-split-git.spec.in.tmp
2022-04-02 14:54:24.338650 +0000 build-centos1: ++ dirname /home/user/builder-r4.0/qubes-src/builder-rpm/scripts/generate-spec
2022-04-02 14:54:24.338991 +0000 build-centos1: + /home/user/builder-r4.0/qubes-src/builder-rpm/scripts/generate-changelog qubes-src/app-split-git qubes-src/app-split-git/rpm_spec/qubes-split-git.spec.in.tmp
2022-04-02 14:54:24.579534 +0000 build-centos1: + cat qubes-src/app-split-git/rpm_spec/qubes-split-git.spec.in.tmp
2022-04-02 14:54:24.580046 +0000 build-centos1: + rm -rf qubes-src/app-split-git/rpm_spec/qubes-split-git.spec.in.tmp
2022-04-02 14:54:24.678215 +0000 build-centos1: + '[' '%{SOURCE0}' = '%{SOURCE0}' ']'
2022-04-02 14:54:24.678304 +0000 build-centos1: ++ dirname /home/user/builder-r4.0/qubes-src/builder-rpm/scripts/query-spec
2022-04-02 14:54:24.678846 +0000 build-centos1: + /home/user/builder-r4.0/qubes-src/builder-rpm/scripts/../tools/spectool --list-files --source 0 /tmp/tmp.3A3fJc.spec
2022-04-02 14:54:24.732060 +0000 build-centos1: + rm -f /tmp/tmp.3A3fJc.spec
2022-04-02 14:54:24.734312 +0000 build-centos1: /home/user/builder-r4.0/qubes-src/builder-rpm/Makefile.rpmbuilder:201: target 'sign-prep' does not exist
2022-04-02 14:54:24.734328 +0000 build-centos1: if [ -n "qubes-gpg-client-wrapper" ]; then \
2022-04-02 14:54:24.734337 +0000 build-centos1: .mkdir -p /home/user/builder-r4.0/keyrings/rpmdb; \
2022-04-02 14:54:24.734342 +0000 build-centos1: .tmpname=$(mktemp); \
2022-04-02 14:54:24.734351 +0000 build-centos1: .qubes-gpg-client-wrapper --armor --export "B082674E8CF907A67B5523D64FDD1A4BA90CA2E4" > "$tmpname"; \
2022-04-02 14:54:24.734359 +0000 build-centos1: .rpmkeys --dbpath=/home/user/builder-r4.0/keyrings/rpmdb --import "$tmpname"; \
2022-04-02 14:54:24.734364 +0000 build-centos1: .rm -f "$tmpname"; \
2022-04-02 14:54:24.734369 +0000 build-centos1: fi
2022-04-02 14:54:24.740823 +0000 build-centos1: + ERR_OUTPUT=/dev/stderr
2022-04-02 14:54:24.740837 +0000 build-centos1: + '[' 2 -lt 2 ']'
2022-04-02 14:54:24.741006 +0000 build-centos1: ++ basename qubes-src/app-split-git/rpm_spec/qubes-split-git.spec.in
2022-04-02 14:54:24.741465 +0000 build-centos1: + [[ xqubes-split-git.spec.in == \x\.\i\n ]]
2022-04-02 14:54:24.741537 +0000 build-centos1: + '[' -r qubes-src/app-split-git/rpm_spec/qubes-split-git.spec.in ']'
2022-04-02 14:54:24.741689 +0000 build-centos1: ++ mktemp --tmpdir tmp.XXXXXX.spec
2022-04-02 14:54:24.742228 +0000 build-centos1: + tmp_spec=/tmp/tmp.m25zDV.spec
2022-04-02 14:54:24.742341 +0000 build-centos1: ++ dirname /home/user/builder-r4.0/qubes-src/builder-rpm/scripts/query-spec
2022-04-02 14:54:24.742844 +0000 build-centos1: + /home/user/builder-r4.0/qubes-src/builder-rpm/scripts/generate-spec qubes-src/app-split-git/rpm_spec/qubes-split-git.spec.in /tmp/tmp.m25zDV.spec
2022-04-02 14:54:24.743511 +0000 build-centos1: + '[' 2 -lt 2 ']'
2022-04-02 14:54:24.743539 +0000 build-centos1: + '[' -z qubes-src/app-split-git ']'
2022-04-02 14:54:24.743560 +0000 build-centos1: + cp qubes-src/app-split-git/rpm_spec/qubes-split-git.spec.in qubes-src/app-split-git/rpm_spec/qubes-split-git.spec.in.tmp
2022-04-02 14:54:24.744426 +0000 build-centos1: + read -r ver
2022-04-02 14:54:24.744433 +0000 build-centos1: + '[' x = x ']'
2022-04-02 14:54:24.744441 +0000 build-centos1: + sed -i 's|@VERSION@|1.0.1|g' qubes-src/app-split-git/rpm_spec/qubes-split-git.spec.in.tmp
2022-04-02 14:54:25.042935 +0000 build-centos1: + vnum=1
2022-04-02 14:54:25.042981 +0000 build-centos1: + read -r ver
2022-04-02 14:54:25.042989 +0000 build-centos1: + '[' -e qubes-src/app-split-git/rel ']'
2022-04-02 14:54:25.042994 +0000 build-centos1: + read -r rel
2022-04-02 14:54:25.043000 +0000 build-centos1: + '[' x = x ']'
2022-04-02 14:54:25.043008 +0000 build-centos1: + sed -i 's|@REL@|2|g' qubes-src/app-split-git/rpm_spec/qubes-split-git.spec.in.tmp
2022-04-02 14:54:25.281505 +0000 build-centos1: + rnum=1
2022-04-02 14:54:25.281567 +0000 build-centos1: + read -r rel
2022-04-02 14:54:25.281578 +0000 build-centos1: + sed -i -e s:@BACKEND_VMM@:xen:g qubes-src/app-split-git/rpm_spec/qubes-split-git.spec.in.tmp
2022-04-02 14:54:25.662017 +0000 build-centos1: + grep -q @CHANGELOG@ qubes-src/app-split-git/rpm_spec/qubes-split-git.spec.in.tmp
2022-04-02 14:54:25.662747 +0000 build-centos1: ++ dirname /home/user/builder-r4.0/qubes-src/builder-rpm/scripts/generate-spec
2022-04-02 14:54:25.663217 +0000 build-centos1: + /home/user/builder-r4.0/qubes-src/builder-rpm/scripts/generate-changelog qubes-src/app-split-git qubes-src/app-split-git/rpm_spec/qubes-split-git.spec.in.tmp
2022-04-02 14:54:25.906428 +0000 build-centos1: + cat qubes-src/app-split-git/rpm_spec/qubes-split-git.spec.in.tmp
2022-04-02 14:54:25.907189 +0000 build-centos1: + rm -rf qubes-src/app-split-git/rpm_spec/qubes-split-git.spec.in.tmp
2022-04-02 14:54:26.121292 +0000 build-centos1: + '[' '%{SOURCE0}' = '%{SOURCE0}' ']'
2022-04-02 14:54:26.121397 +0000 build-centos1: ++ dirname /home/user/builder-r4.0/qubes-src/builder-rpm/scripts/query-spec
2022-04-02 14:54:26.121992 +0000 build-centos1: + /home/user/builder-r4.0/qubes-src/builder-rpm/scripts/../tools/spectool --list-files --source 0 /tmp/tmp.m25zDV.spec
2022-04-02 14:54:26.174939 +0000 build-centos1: + rm -f /tmp/tmp.m25zDV.spec
2022-04-02 14:54:26.940155 +0000 build-centos1: warning: Found bdb_ro Packages database while attempting sqlite backend: using bdb_ro backend.
2022-04-02 14:54:27.291626 +0000 build-centos1: /home/user/builder-r4.0/qubes-src/builder-rpm/Makefile.rpmbuilder:217: update target 'sign' due to: sign-prep
2022-04-02 14:54:27.291674 +0000 build-centos1: cd qubes-src/app-split-git && for pkg in pkgs/vm-centos7/qubes-split-git-1.0.1-2.el7.src.rpm pkgs/vm-centos7/qubes-split-git-1.0.1-2.el7.x86_64.rpm pkgs/vm-centos7/qubes-split-git-1.0.1-2.el7.x86_64.buildinfo ; do \
2022-04-02 14:54:27.291684 +0000 build-centos1: .if [ "${pkg##*.}" = "buildinfo" ]; then \
2022-04-02 14:54:27.291698 +0000 build-centos1: ../home/user/builder-r4.0/qubes-src/builder-rpm/scripts/update-rpmbuildinfo "$pkg" | /usr/bin/qubes-gpg-client-wrapper --clearsign --local-user B082674E8CF907A67B5523D64FDD1A4BA90CA2E4 > "$pkg".tmp && \
2022-04-02 14:54:27.291705 +0000 build-centos1: ..mv -f "$pkg".tmp "$pkg"; \
2022-04-02 14:54:27.291713 +0000 build-centos1: .elif [ "$(rpmkeys --checksig -- "$pkg")" != "$pkg: digests signatures OK" ]; then \
2022-04-02 14:54:27.291724 +0000 build-centos1: ..setsid -w rpmsign --digest-algo=sha256 --key-id=B082674E8CF907A67B5523D64FDD1A4BA90CA2E4 --addsign  -- "$pkg" </dev/null || exit 1; \
2022-04-02 14:54:27.291728 +0000 build-centos1: .fi; \
2022-04-02 14:54:27.291733 +0000 build-centos1: done
2022-04-02 14:54:27.300184 +0000 build-centos1: + ERR_OUTPUT=/dev/stderr
2022-04-02 14:54:27.300199 +0000 build-centos1: + '[' 2 -lt 2 ']'
2022-04-02 14:54:27.300206 +0000 build-centos1: ++ basename qubes-src/app-split-git/rpm_spec/qubes-split-git.spec.in
2022-04-02 14:54:27.300213 +0000 build-centos1: + [[ xqubes-split-git.spec.in == \x\.\i\n ]]
2022-04-02 14:54:27.300220 +0000 build-centos1: + '[' -r qubes-src/app-split-git/rpm_spec/qubes-split-git.spec.in ']'
2022-04-02 14:54:27.300303 +0000 build-centos1: ++ mktemp --tmpdir tmp.XXXXXX.spec
2022-04-02 14:54:27.300816 +0000 build-centos1: + tmp_spec=/tmp/tmp.4t08on.spec
2022-04-02 14:54:27.300903 +0000 build-centos1: ++ dirname /home/user/builder-r4.0/qubes-src/builder-rpm/scripts/query-spec
2022-04-02 14:54:27.301399 +0000 build-centos1: + /home/user/builder-r4.0/qubes-src/builder-rpm/scripts/generate-spec qubes-src/app-split-git/rpm_spec/qubes-split-git.spec.in /tmp/tmp.4t08on.spec
2022-04-02 14:54:27.302067 +0000 build-centos1: + '[' 2 -lt 2 ']'
2022-04-02 14:54:27.302077 +0000 build-centos1: + '[' -z qubes-src/app-split-git ']'
2022-04-02 14:54:27.302086 +0000 build-centos1: + cp qubes-src/app-split-git/rpm_spec/qubes-split-git.spec.in qubes-src/app-split-git/rpm_spec/qubes-split-git.spec.in.tmp
2022-04-02 14:54:27.302883 +0000 build-centos1: + read -r ver
2022-04-02 14:54:27.302889 +0000 build-centos1: + '[' x = x ']'
2022-04-02 14:54:27.302897 +0000 build-centos1: + sed -i 's|@VERSION@|1.0.1|g' qubes-src/app-split-git/rpm_spec/qubes-split-git.spec.in.tmp
2022-04-02 14:54:27.321652 +0000 build-centos1: + vnum=1
2022-04-02 14:54:27.321675 +0000 build-centos1: + read -r ver
2022-04-02 14:54:27.321707 +0000 build-centos1: + '[' -e qubes-src/app-split-git/rel ']'
2022-04-02 14:54:27.321753 +0000 build-centos1: + read -r rel
2022-04-02 14:54:27.321775 +0000 build-centos1: + '[' x = x ']'
2022-04-02 14:54:27.321785 +0000 build-centos1: + sed -i 's|@REL@|2|g' qubes-src/app-split-git/rpm_spec/qubes-split-git.spec.in.tmp
2022-04-02 14:54:27.535930 +0000 build-centos1: + rnum=1
2022-04-02 14:54:27.535962 +0000 build-centos1: + read -r rel
2022-04-02 14:54:27.535990 +0000 build-centos1: + sed -i -e s:@BACKEND_VMM@:xen:g qubes-src/app-split-git/rpm_spec/qubes-split-git.spec.in.tmp
2022-04-02 14:54:27.773802 +0000 build-centos1: + grep -q @CHANGELOG@ qubes-src/app-split-git/rpm_spec/qubes-split-git.spec.in.tmp
2022-04-02 14:54:27.774493 +0000 build-centos1: ++ dirname /home/user/builder-r4.0/qubes-src/builder-rpm/scripts/generate-spec
2022-04-02 14:54:27.774960 +0000 build-centos1: + /home/user/builder-r4.0/qubes-src/builder-rpm/scripts/generate-changelog qubes-src/app-split-git qubes-src/app-split-git/rpm_spec/qubes-split-git.spec.in.tmp
2022-04-02 14:54:27.867460 +0000 build-centos1: + cat qubes-src/app-split-git/rpm_spec/qubes-split-git.spec.in.tmp
2022-04-02 14:54:27.867867 +0000 build-centos1: + rm -rf qubes-src/app-split-git/rpm_spec/qubes-split-git.spec.in.tmp
2022-04-02 14:54:27.952341 +0000 build-centos1: + '[' '%{SOURCE0}' = '%{SOURCE0}' ']'
2022-04-02 14:54:27.952839 +0000 build-centos1: ++ dirname /home/user/builder-r4.0/qubes-src/builder-rpm/scripts/query-spec
2022-04-02 14:54:27.953097 +0000 build-centos1: + /home/user/builder-r4.0/qubes-src/builder-rpm/scripts/../tools/spectool --list-files --source 0 /tmp/tmp.4t08on.spec
2022-04-02 14:54:28.006311 +0000 build-centos1: + rm -f /tmp/tmp.4t08on.spec
2022-04-02 14:54:28.173745 +0000 build-centos1: warning: Could not set GPG_TTY to stdin: Inappropriate ioctl for device
2022-04-02 14:54:28.551356 +0000 build-centos1: warning: Could not set GPG_TTY to stdin: Inappropriate ioctl for device
2022-04-02 14:54:28.744303 +0000 build-centos1: pkgs/vm-centos7/qubes-split-git-1.0.1-2.el7.src.rpm:
2022-04-02 14:54:28.753889 +0000 build-centos1: warning: Could not set GPG_TTY to stdin: Inappropriate ioctl for device
2022-04-02 14:54:28.857700 +0000 build-centos1: warning: Could not set GPG_TTY to stdin: Inappropriate ioctl for device
2022-04-02 14:54:28.986615 +0000 build-centos1: pkgs/vm-centos7/qubes-split-git-1.0.1-2.el7.x86_64.rpm:
2022-04-02 14:54:29.493605 +0000 build-centos1: Makefile:863: target 'internal-update-repo-current-testing.vm.centos7.app-split-git' does not exist
2022-04-02 14:54:29.493646 +0000 build-centos1: repo_base_var="LINUX_REPO_${DIST//-/_}_BASEDIR"; \
2022-04-02 14:54:29.493654 +0000 build-centos1: if [ "app-split-git" = linux-template-builder ]; then \
2022-04-02 14:54:29.493662 +0000 build-centos1: .# templates belongs to dom0 repository, even though PACKAGE_SET=vm
2022-04-02 14:54:29.493668 +0000 build-centos1: repo_base_var="LINUX_REPO__BASEDIR"; \
2022-04-02 14:54:29.493673 +0000 build-centos1: fi; \
2022-04-02 14:54:29.493679 +0000 build-centos1: if [ -n "${!repo_base_var}" ]; then \
2022-04-02 14:54:29.493685 +0000 build-centos1: .repo_basedir="${!repo_base_var}"; \
2022-04-02 14:54:29.493689 +0000 build-centos1: else \
2022-04-02 14:54:29.493695 +0000 build-centos1: .repo_basedir="qubes-src/linux-yum/r4.0"; \
2022-04-02 14:54:29.493699 +0000 build-centos1: fi; \
2022-04-02 14:54:29.493706 +0000 build-centos1: if [ -r qubes-src/app-split-git/Makefile.builder ]; then \
2022-04-02 14:54:29.493712 +0000 build-centos1: .echo -n "Updating qubes-src/app-split-git... "; \
2022-04-02 14:54:29.493718 +0000 build-centos1: .if [ "0" -eq 1 ]; then \
2022-04-02 14:54:29.493725 +0000 build-centos1: ..vtag=`git -C qubes-src/app-split-git tag --points-at HEAD --list v*`; \
2022-04-02 14:54:29.493731 +0000 build-centos1: ..if [ -z "$vtag" ]; then \
2022-04-02 14:54:29.493736 +0000 build-centos1: ...echo "no version tag"; \
2022-04-02 14:54:29.493741 +0000 build-centos1: ...exit 0; \
2022-04-02 14:54:29.493746 +0000 build-centos1: ..fi; \
2022-04-02 14:54:29.493750 +0000 build-centos1: .fi; \
2022-04-02 14:54:29.493756 +0000 build-centos1: .if [ "app-split-git" = linux-template-builder ]; then
2022-04-02 14:54:29.493765 +0000 build-centos1: export TEMPLATE_NAME=$(MAKEFLAGS= make -s -C qubes-src/linux-template-builder DIST=centos7 template-name)
2022-04-02 14:54:29.493770 +0000 build-centos1: fi
2022-04-02 14:54:29.493785 +0000 build-centos1: component_packages=$(MAKEFLAGS= make -s -f Makefile.generic DIST=centos7 PACKAGE_SET=vm COMPONENT=`basename qubes-src/app-split-git` UPDATE_REPO=/home/user/builder-r4.0/$repo_basedir/current-testing/vm/centos7 get-var GET_VAR=PACKAGE_LIST); \
2022-04-02 14:54:29.493809 +0000 build-centos1: .if [ -z "$component_packages" ]; then \
2022-04-02 14:54:29.493814 +0000 build-centos1: ..echo "no packages."; \
2022-04-02 14:54:29.493819 +0000 build-centos1: ..exit 0; \
2022-04-02 14:54:29.493824 +0000 build-centos1: .fi; \
2022-04-02 14:54:29.493830 +0000 build-centos1: .make -s -f Makefile.generic DIST=centos7 PACKAGE_SET=vm \
2022-04-02 14:54:29.493840 +0000 build-centos1: ..COMPONENT=`basename qubes-src/app-split-git` \
2022-04-02 14:54:29.493846 +0000 build-centos1: ..SNAPSHOT_REPO=current-testing \
2022-04-02 14:54:29.493852 +0000 build-centos1: ..TARGET_REPO=current-testing \
2022-04-02 14:54:29.493859 +0000 build-centos1: ..UPDATE_REPO=/home/user/builder-r4.0/$repo_basedir/current-testing/vm/centos7 \
2022-04-02 14:54:29.493869 +0000 build-centos1: ..SNAPSHOT_FILE=/home/user/builder-r4.0/repo-latest-snapshot/current-testing-vm-centos7-`basename qubes-src/app-split-git` \
2022-04-02 14:54:29.493878 +0000 build-centos1: ..BUILD_LOG_URL=https://github.com/QubesOS-contrib/build-logs/tree/master/build-centos1/log_2022-04-02_14-29-12 \
2022-04-02 14:54:29.493884 +0000 build-centos1: ..update-repo || exit 1; \
2022-04-02 14:54:29.493892 +0000 build-centos1: elif make -C qubes-src/app-split-git -n update-repo-current-testing >/dev/null 2>/dev/null; then \
2022-04-02 14:54:29.493898 +0000 build-centos1: .echo "Updating qubes-src/app-split-git... "; \
2022-04-02 14:54:29.493907 +0000 build-centos1: .DIST=centos7 UPDATE_REPO=/home/user/builder-r4.0/$repo_basedir/current-testing/vm/centos7 \
2022-04-02 14:54:29.493914 +0000 build-centos1: .make -s -C qubes-src/app-split-git update-repo-current-testing || exit 1; \
2022-04-02 14:54:29.493919 +0000 build-centos1: else \
2022-04-02 14:54:29.493925 +0000 build-centos1: .echo -n "Updating qubes-src/app-split-git... skipping."; \
2022-04-02 14:54:29.493930 +0000 build-centos1: fi; \
2022-04-02 14:54:29.493934 +0000 build-centos1: echo
2022-04-02 14:54:29.505325 +0000 build-centos1: Updating qubes-src/app-split-git... + ERR_OUTPUT=/dev/stderr
2022-04-02 14:54:29.505353 +0000 build-centos1: + '[' 2 -lt 2 ']'
2022-04-02 14:54:29.505363 +0000 build-centos1: ++ basename qubes-src/app-split-git/rpm_spec/qubes-split-git.spec.in
2022-04-02 14:54:29.505379 +0000 build-centos1: + [[ xqubes-split-git.spec.in == \x\.\i\n ]]
2022-04-02 14:54:29.505389 +0000 build-centos1: + '[' -r qubes-src/app-split-git/rpm_spec/qubes-split-git.spec.in ']'
2022-04-02 14:54:29.505396 +0000 build-centos1: ++ mktemp --tmpdir tmp.XXXXXX.spec
2022-04-02 14:54:29.505403 +0000 build-centos1: + tmp_spec=/tmp/tmp.3zmn9K.spec
2022-04-02 14:54:29.505412 +0000 build-centos1: ++ dirname /home/user/builder-r4.0/qubes-src/builder-rpm/scripts/query-spec
2022-04-02 14:54:29.505425 +0000 build-centos1: + /home/user/builder-r4.0/qubes-src/builder-rpm/scripts/generate-spec qubes-src/app-split-git/rpm_spec/qubes-split-git.spec.in /tmp/tmp.3zmn9K.spec
2022-04-02 14:54:29.505437 +0000 build-centos1: + '[' 2 -lt 2 ']'
2022-04-02 14:54:29.505444 +0000 build-centos1: + '[' -z qubes-src/app-split-git ']'
2022-04-02 14:54:29.505456 +0000 build-centos1: + cp qubes-src/app-split-git/rpm_spec/qubes-split-git.spec.in qubes-src/app-split-git/rpm_spec/qubes-split-git.spec.in.tmp
2022-04-02 14:54:29.506206 +0000 build-centos1: + read -r ver
2022-04-02 14:54:29.506213 +0000 build-centos1: + '[' x = x ']'
2022-04-02 14:54:29.506257 +0000 build-centos1: + sed -i 's|@VERSION@|1.0.1|g' qubes-src/app-split-git/rpm_spec/qubes-split-git.spec.in.tmp
2022-04-02 14:54:29.625312 +0000 build-centos1: + vnum=1
2022-04-02 14:54:29.625339 +0000 build-centos1: + read -r ver
2022-04-02 14:54:29.625346 +0000 build-centos1: + '[' -e qubes-src/app-split-git/rel ']'
2022-04-02 14:54:29.625351 +0000 build-centos1: + read -r rel
2022-04-02 14:54:29.625355 +0000 build-centos1: + '[' x = x ']'
2022-04-02 14:54:29.625377 +0000 build-centos1: + sed -i 's|@REL@|2|g' qubes-src/app-split-git/rpm_spec/qubes-split-git.spec.in.tmp
2022-04-02 14:54:29.908067 +0000 build-centos1: + rnum=1
2022-04-02 14:54:29.908099 +0000 build-centos1: + read -r rel
2022-04-02 14:54:29.908109 +0000 build-centos1: + sed -i -e s:@BACKEND_VMM@:xen:g qubes-src/app-split-git/rpm_spec/qubes-split-git.spec.in.tmp
2022-04-02 14:54:30.057543 +0000 build-centos1: + grep -q @CHANGELOG@ qubes-src/app-split-git/rpm_spec/qubes-split-git.spec.in.tmp
2022-04-02 14:54:30.058573 +0000 build-centos1: ++ dirname /home/user/builder-r4.0/qubes-src/builder-rpm/scripts/generate-spec
2022-04-02 14:54:30.058905 +0000 build-centos1: + /home/user/builder-r4.0/qubes-src/builder-rpm/scripts/generate-changelog qubes-src/app-split-git qubes-src/app-split-git/rpm_spec/qubes-split-git.spec.in.tmp
2022-04-02 14:54:30.099721 +0000 build-centos1: + cat qubes-src/app-split-git/rpm_spec/qubes-split-git.spec.in.tmp
2022-04-02 14:54:30.100243 +0000 build-centos1: + rm -rf qubes-src/app-split-git/rpm_spec/qubes-split-git.spec.in.tmp
2022-04-02 14:54:30.261602 +0000 build-centos1: + '[' '%{SOURCE0}' = '%{SOURCE0}' ']'
2022-04-02 14:54:30.261675 +0000 build-centos1: ++ dirname /home/user/builder-r4.0/qubes-src/builder-rpm/scripts/query-spec
2022-04-02 14:54:30.262263 +0000 build-centos1: + /home/user/builder-r4.0/qubes-src/builder-rpm/scripts/../tools/spectool --list-files --source 0 /tmp/tmp.3zmn9K.spec
2022-04-02 14:54:30.488496 +0000 build-centos1: + rm -f /tmp/tmp.3zmn9K.spec
2022-04-02 14:54:30.494213 +0000 build-centos1: + ERR_OUTPUT=/dev/stderr
2022-04-02 14:54:30.494229 +0000 build-centos1: + '[' 2 -lt 2 ']'
2022-04-02 14:54:30.494420 +0000 build-centos1: ++ basename qubes-src/app-split-git/rpm_spec/qubes-split-git.spec.in
2022-04-02 14:54:30.494857 +0000 build-centos1: + [[ xqubes-split-git.spec.in == \x\.\i\n ]]
2022-04-02 14:54:30.494899 +0000 build-centos1: + '[' -r qubes-src/app-split-git/rpm_spec/qubes-split-git.spec.in ']'
2022-04-02 14:54:30.495057 +0000 build-centos1: ++ mktemp --tmpdir tmp.XXXXXX.spec
2022-04-02 14:54:30.495520 +0000 build-centos1: + tmp_spec=/tmp/tmp.IZOhXL.spec
2022-04-02 14:54:30.495673 +0000 build-centos1: ++ dirname /home/user/builder-r4.0/qubes-src/builder-rpm/scripts/query-spec
2022-04-02 14:54:30.496121 +0000 build-centos1: + /home/user/builder-r4.0/qubes-src/builder-rpm/scripts/generate-spec qubes-src/app-split-git/rpm_spec/qubes-split-git.spec.in /tmp/tmp.IZOhXL.spec
2022-04-02 14:54:30.496807 +0000 build-centos1: + '[' 2 -lt 2 ']'
2022-04-02 14:54:30.496816 +0000 build-centos1: + '[' -z qubes-src/app-split-git ']'
2022-04-02 14:54:30.496826 +0000 build-centos1: + cp qubes-src/app-split-git/rpm_spec/qubes-split-git.spec.in qubes-src/app-split-git/rpm_spec/qubes-split-git.spec.in.tmp
2022-04-02 14:54:30.497636 +0000 build-centos1: + read -r ver
2022-04-02 14:54:30.497651 +0000 build-centos1: + '[' x = x ']'
2022-04-02 14:54:30.497682 +0000 build-centos1: + sed -i 's|@VERSION@|1.0.1|g' qubes-src/app-split-git/rpm_spec/qubes-split-git.spec.in.tmp
2022-04-02 14:54:30.720149 +0000 build-centos1: + vnum=1
2022-04-02 14:54:30.720188 +0000 build-centos1: + read -r ver
2022-04-02 14:54:30.720197 +0000 build-centos1: + '[' -e qubes-src/app-split-git/rel ']'
2022-04-02 14:54:30.720203 +0000 build-centos1: + read -r rel
2022-04-02 14:54:30.720209 +0000 build-centos1: + '[' x = x ']'
2022-04-02 14:54:30.720219 +0000 build-centos1: + sed -i 's|@REL@|2|g' qubes-src/app-split-git/rpm_spec/qubes-split-git.spec.in.tmp
2022-04-02 14:54:30.871947 +0000 build-centos1: + rnum=1
2022-04-02 14:54:30.871987 +0000 build-centos1: + read -r rel
2022-04-02 14:54:30.871997 +0000 build-centos1: + sed -i -e s:@BACKEND_VMM@:xen:g qubes-src/app-split-git/rpm_spec/qubes-split-git.spec.in.tmp
2022-04-02 14:54:31.153387 +0000 build-centos1: + grep -q @CHANGELOG@ qubes-src/app-split-git/rpm_spec/qubes-split-git.spec.in.tmp
2022-04-02 14:54:31.154281 +0000 build-centos1: ++ dirname /home/user/builder-r4.0/qubes-src/builder-rpm/scripts/generate-spec
2022-04-02 14:54:31.154771 +0000 build-centos1: + /home/user/builder-r4.0/qubes-src/builder-rpm/scripts/generate-changelog qubes-src/app-split-git qubes-src/app-split-git/rpm_spec/qubes-split-git.spec.in.tmp
2022-04-02 14:54:31.266127 +0000 build-centos1: + cat qubes-src/app-split-git/rpm_spec/qubes-split-git.spec.in.tmp
2022-04-02 14:54:31.266150 +0000 build-centos1: + rm -rf qubes-src/app-split-git/rpm_spec/qubes-split-git.spec.in.tmp
2022-04-02 14:54:31.316371 +0000 build-centos1: + '[' '%{SOURCE0}' = '%{SOURCE0}' ']'
2022-04-02 14:54:31.316503 +0000 build-centos1: ++ dirname /home/user/builder-r4.0/qubes-src/builder-rpm/scripts/query-spec
2022-04-02 14:54:31.317018 +0000 build-centos1: + /home/user/builder-r4.0/qubes-src/builder-rpm/scripts/../tools/spectool --list-files --source 0 /tmp/tmp.IZOhXL.spec
2022-04-02 14:54:31.370119 +0000 build-centos1: + rm -f /tmp/tmp.IZOhXL.spec
2022-04-02 14:54:31.384826 +0000 build-centos1: + ERR_OUTPUT=/dev/stderr
2022-04-02 14:54:31.384857 +0000 build-centos1: + '[' 2 -lt 2 ']'
2022-04-02 14:54:31.384988 +0000 build-centos1: ++ basename qubes-src/app-split-git/rpm_spec/qubes-split-git.spec.in
2022-04-02 14:54:31.385419 +0000 build-centos1: + [[ xqubes-split-git.spec.in == \x\.\i\n ]]
2022-04-02 14:54:31.385471 +0000 build-centos1: + '[' -r qubes-src/app-split-git/rpm_spec/qubes-split-git.spec.in ']'
2022-04-02 14:54:31.385639 +0000 build-centos1: ++ mktemp --tmpdir tmp.XXXXXX.spec
2022-04-02 14:54:31.386079 +0000 build-centos1: + tmp_spec=/tmp/tmp.uTJOlo.spec
2022-04-02 14:54:31.386274 +0000 build-centos1: ++ dirname /home/user/builder-r4.0/qubes-src/builder-rpm/scripts/query-spec
2022-04-02 14:54:31.386762 +0000 build-centos1: + /home/user/builder-r4.0/qubes-src/builder-rpm/scripts/generate-spec qubes-src/app-split-git/rpm_spec/qubes-split-git.spec.in /tmp/tmp.uTJOlo.spec
2022-04-02 14:54:31.388741 +0000 build-centos1: + '[' 2 -lt 2 ']'
2022-04-02 14:54:31.388779 +0000 build-centos1: + '[' -z qubes-src/app-split-git ']'
2022-04-02 14:54:31.388819 +0000 build-centos1: + cp qubes-src/app-split-git/rpm_spec/qubes-split-git.spec.in qubes-src/app-split-git/rpm_spec/qubes-split-git.spec.in.tmp
2022-04-02 14:54:31.389692 +0000 build-centos1: + read -r ver
2022-04-02 14:54:31.389698 +0000 build-centos1: + '[' x = x ']'
2022-04-02 14:54:31.389706 +0000 build-centos1: + sed -i 's|@VERSION@|1.0.1|g' qubes-src/app-split-git/rpm_spec/qubes-split-git.spec.in.tmp
2022-04-02 14:54:31.459976 +0000 build-centos1: + vnum=1
2022-04-02 14:54:31.460006 +0000 build-centos1: + read -r ver
2022-04-02 14:54:31.460013 +0000 build-centos1: + '[' -e qubes-src/app-split-git/rel ']'
2022-04-02 14:54:31.460018 +0000 build-centos1: + read -r rel
2022-04-02 14:54:31.460023 +0000 build-centos1: + '[' x = x ']'
2022-04-02 14:54:31.460031 +0000 build-centos1: + sed -i 's|@REL@|2|g' qubes-src/app-split-git/rpm_spec/qubes-split-git.spec.in.tmp
2022-04-02 14:54:31.530385 +0000 build-centos1: + rnum=1
2022-04-02 14:54:31.530448 +0000 build-centos1: + read -r rel
2022-04-02 14:54:31.530459 +0000 build-centos1: + sed -i -e s:@BACKEND_VMM@:xen:g qubes-src/app-split-git/rpm_spec/qubes-split-git.spec.in.tmp
2022-04-02 14:54:31.629630 +0000 build-centos1: + grep -q @CHANGELOG@ qubes-src/app-split-git/rpm_spec/qubes-split-git.spec.in.tmp
2022-04-02 14:54:31.630575 +0000 build-centos1: ++ dirname /home/user/builder-r4.0/qubes-src/builder-rpm/scripts/generate-spec
2022-04-02 14:54:31.631005 +0000 build-centos1: + /home/user/builder-r4.0/qubes-src/builder-rpm/scripts/generate-changelog qubes-src/app-split-git qubes-src/app-split-git/rpm_spec/qubes-split-git.spec.in.tmp
2022-04-02 14:54:31.713323 +0000 build-centos1: + cat qubes-src/app-split-git/rpm_spec/qubes-split-git.spec.in.tmp
2022-04-02 14:54:31.713791 +0000 build-centos1: + rm -rf qubes-src/app-split-git/rpm_spec/qubes-split-git.spec.in.tmp
2022-04-02 14:54:31.714386 +0000 build-centos1: + '[' '%{SOURCE0}' = '%{SOURCE0}' ']'
2022-04-02 14:54:31.714678 +0000 build-centos1: ++ dirname /home/user/builder-r4.0/qubes-src/builder-rpm/scripts/query-spec
2022-04-02 14:54:31.715385 +0000 build-centos1: + /home/user/builder-r4.0/qubes-src/builder-rpm/scripts/../tools/spectool --list-files --source 0 /tmp/tmp.uTJOlo.spec
2022-04-02 14:54:31.769201 +0000 build-centos1: + rm -f /tmp/tmp.uTJOlo.spec
2022-04-02 14:54:31.780409 +0000 build-centos1: /home/user/builder-r4.0/qubes-src/builder-rpm/Makefile.rpmbuilder:176: target 'update-repo-do' does not exist
2022-04-02 14:54:31.780430 +0000 build-centos1: mkdir -p /home/user/builder-r4.0/qubes-src/linux-yum/r4.0/current-testing/vm/centos7/rpm
2022-04-02 14:54:31.786895 +0000 build-centos1: + ERR_OUTPUT=/dev/stderr
2022-04-02 14:54:31.786910 +0000 build-centos1: + '[' 2 -lt 2 ']'
2022-04-02 14:54:31.787084 +0000 build-centos1: ++ basename qubes-src/app-split-git/rpm_spec/qubes-split-git.spec.in
2022-04-02 14:54:31.787585 +0000 build-centos1: + [[ xqubes-split-git.spec.in == \x\.\i\n ]]
2022-04-02 14:54:31.787640 +0000 build-centos1: + '[' -r qubes-src/app-split-git/rpm_spec/qubes-split-git.spec.in ']'
2022-04-02 14:54:31.787800 +0000 build-centos1: ++ mktemp --tmpdir tmp.XXXXXX.spec
2022-04-02 14:54:31.788289 +0000 build-centos1: + tmp_spec=/tmp/tmp.pjWaMK.spec
2022-04-02 14:54:31.788410 +0000 build-centos1: ++ dirname /home/user/builder-r4.0/qubes-src/builder-rpm/scripts/query-spec
2022-04-02 14:54:31.788896 +0000 build-centos1: + /home/user/builder-r4.0/qubes-src/builder-rpm/scripts/generate-spec qubes-src/app-split-git/rpm_spec/qubes-split-git.spec.in /tmp/tmp.pjWaMK.spec
2022-04-02 14:54:31.789581 +0000 build-centos1: + '[' 2 -lt 2 ']'
2022-04-02 14:54:31.789588 +0000 build-centos1: + '[' -z qubes-src/app-split-git ']'
2022-04-02 14:54:31.789598 +0000 build-centos1: + cp qubes-src/app-split-git/rpm_spec/qubes-split-git.spec.in qubes-src/app-split-git/rpm_spec/qubes-split-git.spec.in.tmp
2022-04-02 14:54:31.790375 +0000 build-centos1: + read -r ver
2022-04-02 14:54:31.790381 +0000 build-centos1: + '[' x = x ']'
2022-04-02 14:54:31.790419 +0000 build-centos1: + sed -i 's|@VERSION@|1.0.1|g' qubes-src/app-split-git/rpm_spec/qubes-split-git.spec.in.tmp
2022-04-02 14:54:31.816191 +0000 build-centos1: + vnum=1
2022-04-02 14:54:31.816208 +0000 build-centos1: + read -r ver
2022-04-02 14:54:31.816379 +0000 build-centos1: + '[' -e qubes-src/app-split-git/rel ']'
2022-04-02 14:54:31.816417 +0000 build-centos1: + read -r rel
2022-04-02 14:54:31.816507 +0000 build-centos1: + '[' x = x ']'
2022-04-02 14:54:31.816524 +0000 build-centos1: + sed -i 's|@REL@|2|g' qubes-src/app-split-git/rpm_spec/qubes-split-git.spec.in.tmp
2022-04-02 14:54:31.871259 +0000 build-centos1: + rnum=1
2022-04-02 14:54:31.871282 +0000 build-centos1: + read -r rel
2022-04-02 14:54:31.871292 +0000 build-centos1: + sed -i -e s:@BACKEND_VMM@:xen:g qubes-src/app-split-git/rpm_spec/qubes-split-git.spec.in.tmp
2022-04-02 14:54:31.926674 +0000 build-centos1: + grep -q @CHANGELOG@ qubes-src/app-split-git/rpm_spec/qubes-split-git.spec.in.tmp
2022-04-02 14:54:31.927376 +0000 build-centos1: ++ dirname /home/user/builder-r4.0/qubes-src/builder-rpm/scripts/generate-spec
2022-04-02 14:54:31.927837 +0000 build-centos1: + /home/user/builder-r4.0/qubes-src/builder-rpm/scripts/generate-changelog qubes-src/app-split-git qubes-src/app-split-git/rpm_spec/qubes-split-git.spec.in.tmp
2022-04-02 14:54:32.035776 +0000 build-centos1: + cat qubes-src/app-split-git/rpm_spec/qubes-split-git.spec.in.tmp
