2022-01-11 17:21:48.737791 +0000 > starting log
2022-01-11 17:21:48.738041 +0000 build-centos1: > starting build with log
2022-01-11 17:21:48.738051 +0000 build-centos1: >> make args: update-repo-current
2022-01-11 17:21:48.738057 +0000 build-centos1: >> MAKEFLAGS=
2022-01-11 17:21:48.738063 +0000 build-centos1: >> COMPONENTS=tunnel
2022-01-11 17:21:48.738069 +0000 build-centos1: >> DISTS_VM=centos-stream8
2022-01-11 17:21:48.738075 +0000 build-centos1: >> DIST_DOM0=
2022-01-11 17:21:48.738082 +0000 build-centos1: >> qubes-builder c209be5e4a3cafae882bea4e438e48552805ee52
2022-01-11 17:21:48.738090 +0000 build-centos1: >> qubes-builder/qubes-src/tunnel cfd0098fe10f3dc2fbc141144221e25db6a57655
2022-01-11 17:21:48.738098 +0000 build-centos1: !! pkgs/vm-centos-stream8/qubes-tunnel-1.4.4-1.el8.src.rpm
2022-01-11 17:21:48.738106 +0000 build-centos1: !! pkgs/vm-centos-stream8/qubes-tunnel-1.4.4-1.el8.x86_64.buildinfo
2022-01-11 17:21:48.738113 +0000 build-centos1: !! pkgs/vm-centos-stream8/qubes-tunnel-1.4.4-1.el8.x86_64.rpm
2022-01-11 17:21:48.738120 +0000 build-centos1: !! pkgs/vm-centos-stream8/qubes-tunnel.spec.list
2022-01-11 17:21:48.738128 +0000 build-centos1: !! pkgs/vm-centos8/qubes-tunnel-1.4.1-1.centos8.x86_64.buildinfo
2022-01-11 17:21:48.738136 +0000 build-centos1: !! pkgs/vm-centos8/qubes-tunnel-1.4.2-1.centos8.x86_64.buildinfo
2022-01-11 17:21:48.738143 +0000 build-centos1: !! pkgs/vm-centos8/qubes-tunnel-1.4.3-1.centos8.src.rpm
2022-01-11 17:21:48.738150 +0000 build-centos1: !! pkgs/vm-centos8/qubes-tunnel-1.4.3-1.centos8.x86_64.buildinfo
2022-01-11 17:21:48.738158 +0000 build-centos1: !! pkgs/vm-centos8/qubes-tunnel-1.4.3-1.centos8.x86_64.rpm
2022-01-11 17:21:48.738165 +0000 build-centos1: !! pkgs/vm-centos8/qubes-tunnel-1.4.4-1.el8.src.rpm
2022-01-11 17:21:48.738172 +0000 build-centos1: !! pkgs/vm-centos8/qubes-tunnel-1.4.4-1.el8.x86_64.buildinfo
2022-01-11 17:21:48.738179 +0000 build-centos1: !! pkgs/vm-centos8/qubes-tunnel-1.4.4-1.el8.x86_64.rpm
2022-01-11 17:21:48.738186 +0000 build-centos1: !! pkgs/vm-centos8/qubes-tunnel.spec.list
2022-01-11 17:21:48.738200 +0000 build-centos1: 5237ed265a3b783b8c9a139639ba481daf59710ea9790406296f133b00fa6901c128b9f64fcfb7d032ae0516899e9e572f4b56372ef0cc10d44936cd6901c2dc  pkgs/vm-centos-stream8/qubes-tunnel-1.4.4-1.el8.src.rpm
2022-01-11 17:21:48.738215 +0000 build-centos1: dcab61c821380a3c64fa75a22dba907de717fdc99f67b7b1902704b1cc413f6edcf0305e0a7130690523ef933e1718a89e6e3370773c8c0ede27bd25291f7c21  pkgs/vm-centos-stream8/qubes-tunnel-1.4.4-1.el8.x86_64.buildinfo
2022-01-11 17:21:48.738229 +0000 build-centos1: b8edab83deec1dbbee6ff700399485b795d80ce48e2c773075afe9b163a6fbf8f4838c19f4fd6504fe13b94bb8ac3e2c1c89beca2291f0c386fee935b24666ac  pkgs/vm-centos-stream8/qubes-tunnel-1.4.4-1.el8.x86_64.rpm
2022-01-11 17:21:48.738243 +0000 build-centos1: b2818e1cb7905e4631fb5bebc2e13f37d2e6d6a72beb6c08c80baae4965b9f728c1a02d55ba826b462483269c02eae2cecfbc186dd98734da6690db4dc6f304e  pkgs/vm-centos-stream8/qubes-tunnel.spec.list
2022-01-11 17:21:48.738257 +0000 build-centos1: e9c5afdc34004f392fe2b7a190d4438d53a6550b905939c6de393cf913acfd6ed1ef94d8d85900766ba87271d6d74175841a6e40e42416fecb60c6e5e9968cbf  pkgs/vm-centos8/qubes-tunnel-1.4.1-1.centos8.x86_64.buildinfo
2022-01-11 17:21:48.738271 +0000 build-centos1: f0ef0c3e2c06cdcd05d30c7fa82a72410f77e33c242711ace3b0c1e80cbf56fe8d13345fbd46422532347cc80d1bceb9297ced888bb519cc0eafac900f54865e  pkgs/vm-centos8/qubes-tunnel-1.4.2-1.centos8.x86_64.buildinfo
2022-01-11 17:21:48.738285 +0000 build-centos1: 794cc529ff16ea6e12054a84d7b423ccc059486610f51cf3dcf89ae79646adeb12282f883b32c968a54ee662ea2d0e6eb699fcfe32b1fd51a89b69863adbc796  pkgs/vm-centos8/qubes-tunnel-1.4.3-1.centos8.src.rpm
2022-01-11 17:21:48.738299 +0000 build-centos1: 8c329fc5a705d353a1abcdbab1f279e10cfff1aebac152fb2d2559c24dbd93aca1b8427f853ee54b134b21f85487654851b2a6415c373e6fce7d41c399675a55  pkgs/vm-centos8/qubes-tunnel-1.4.3-1.centos8.x86_64.buildinfo
2022-01-11 17:21:48.738313 +0000 build-centos1: 0a3324fb5d6cad82d9ae1fe7fb19e660c1f94cbe011dce90a2882d827c32d9d65debd78d5ff915caff06b9ebdb880692cff9b8d5c12686e9cd3f1fc660c4de2d  pkgs/vm-centos8/qubes-tunnel-1.4.3-1.centos8.x86_64.rpm
2022-01-11 17:21:48.738330 +0000 build-centos1: b958d825245303f9f62397a02dd70aa827bfdfe905aa66cfc1c5e3ad0907cac72a0d48e7dd1597e5290cd68210e8a1bad0c6782d110859940509e28071a9d15b  pkgs/vm-centos8/qubes-tunnel-1.4.4-1.el8.src.rpm
2022-01-11 17:21:48.738344 +0000 build-centos1: e2c5e0a6857be1316daedbdcebea090cdde6984aaa4d43ae7cee4426c8ac79c9f6aa70d10f189a8ac6bd27a75b767710782f4f2aca26dbdfda9e40e30ec57ed0  pkgs/vm-centos8/qubes-tunnel-1.4.4-1.el8.x86_64.buildinfo
2022-01-11 17:21:48.738358 +0000 build-centos1: 74054dad5de56f3584fc4967e6ce76e068d31e9afe2ce7a84e625400376186146684be57ffbd3d46e8b6c31facbe6783bfaff493b7777ed24db3490745ebc22b  pkgs/vm-centos8/qubes-tunnel-1.4.4-1.el8.x86_64.rpm
2022-01-11 17:21:48.738371 +0000 build-centos1: bb119b39a2acaea36544e4d9463ceb50f93ebb63a135e23640a83e9cb39bd7b8a953dc8b102975700d226c53b7e9cf139d2c88a822c145066c16f5726c4c573e  pkgs/vm-centos8/qubes-tunnel.spec.list
2022-01-11 17:21:48.738379 +0000 build-centos1: ================================================================================
2022-01-11 17:21:48.738388 +0000 build-centos1:                            B U I L D   I N F O                                  
2022-01-11 17:21:48.738407 +0000 build-centos1: Items in red indicate it was automatically generated by configuration file(s)
2022-01-11 17:21:48.738417 +0000 build-centos1: Items in white indicate it was automatically removed by configuration file(s)
2022-01-11 17:21:48.738425 +0000 build-centos1: ================================================================================
2022-01-11 17:21:48.738430 +0000 build-centos1: DISTS_VM:
2022-01-11 17:21:48.738436 +0000 build-centos1:      centos-stream8,
2022-01-11 17:21:48.738441 +0000 build-centos1: DISTS_ALL:
2022-01-11 17:21:48.738447 +0000 build-centos1:      vm-centos-stream8,
2022-01-11 17:21:48.738452 +0000 build-centos1: DIST_DOM0:
2022-01-11 17:21:48.738457 +0000 build-centos1:     
2022-01-11 17:21:48.738462 +0000 build-centos1: BUILDER_PLUGINS:
2022-01-11 17:21:48.738469 +0000 build-centos1:      builder-rpm, mgmt-salt, contrib-configs, builder-github,
2022-01-11 17:21:48.738475 +0000 build-centos1: COMPONENTS:
2022-01-11 17:21:48.738480 +0000 build-centos1:      tunnel,
2022-01-11 17:21:48.738485 +0000 build-centos1: GIT_REPOS:
2022-01-11 17:21:48.738490 +0000 build-centos1:      qubes-src/tunnel,
2022-01-11 17:21:48.738495 +0000 build-centos1: TEMPLATE:
2022-01-11 17:21:48.738500 +0000 build-centos1:     
2022-01-11 17:21:48.738505 +0000 build-centos1: TEMPLATE_FLAVOR_DIR:
2022-01-11 17:21:48.738510 +0000 build-centos1:     
2022-01-11 17:21:48.738521 +0000 build-centos1: TEMPLATE_ALIAS:
2022-01-11 17:21:48.738526 +0000 build-centos1:     
2022-01-11 17:21:48.738531 +0000 build-centos1: TEMPLATE_LABEL:
2022-01-11 17:21:48.738536 +0000 build-centos1:     
2022-01-11 17:21:48.738541 +0000 build-centos1: > running make
2022-01-11 17:21:48.738550 +0000 build-centos1: Makefile:915: target 'internal-update-repo-current.vm.centos-stream8.tunnel' does not exist
2022-01-11 17:21:48.738555 +0000 build-centos1: true
2022-01-11 17:21:48.738566 +0000 build-centos1: Makefile:832: update target 'internal-update-repo-current.vm.centos-stream8' due to: internal-update-repo-current.vm.centos-stream8.tunnel
2022-01-11 17:21:48.738571 +0000 build-centos1: true
2022-01-11 17:21:48.738579 +0000 build-centos1: Makefile:923: target 'post-update-repo-current' does not exist
2022-01-11 17:21:48.738585 +0000 build-centos1: for dist in  centos-stream8; do \
2022-01-11 17:21:48.738592 +0000 build-centos1: .repo_base_var="LINUX_REPO_${dist//-/_}_BASEDIR"; \
2022-01-11 17:21:48.738599 +0000 build-centos1: .if [ -n "${!repo_base_var}" ]; then \
2022-01-11 17:21:48.738605 +0000 build-centos1: ..repo_basedir="${!repo_base_var}"; \
2022-01-11 17:21:48.738610 +0000 build-centos1: .else \
2022-01-11 17:21:48.738617 +0000 build-centos1: ..repo_basedir="qubes-src/linux-yum/r4.1"; \
2022-01-11 17:21:48.738626 +0000 build-centos1: .fi; \
2022-01-11 17:21:48.738633 +0000 build-centos1: .repos_to_update="$repos_to_update $repo_basedir"; \
2022-01-11 17:21:48.738638 +0000 build-centos1: done; \
2022-01-11 17:21:48.738643 +0000 build-centos1: pkgset_dist= ; \
2022-01-11 17:21:48.738649 +0000 build-centos1: for dist in ; do \
2022-01-11 17:21:48.738655 +0000 build-centos1: .pkgset_dist="$pkgset_dist dom0/$dist"; \
2022-01-11 17:21:48.738660 +0000 build-centos1: done; \
2022-01-11 17:21:48.738666 +0000 build-centos1: for dist in centos-stream8; do \
2022-01-11 17:21:48.738673 +0000 build-centos1: .pkgset_dist="$pkgset_dist vm/$dist"; \
2022-01-11 17:21:48.738678 +0000 build-centos1: done; \
2022-01-11 17:21:48.738685 +0000 build-centos1: for repo in `echo $repos_to_update|tr ' ' '\n'|sort|uniq`; do \
2022-01-11 17:21:48.738691 +0000 build-centos1: .[ -z "$repo" ] && continue; \
2022-01-11 17:21:48.738699 +0000 build-centos1: .[ -x "$repo/../update_repo-current.sh" ] || continue; \
2022-01-11 17:21:48.738706 +0000 build-centos1: .(cd $repo/.. && ./update_repo-current.sh r4.1 $pkgset_dist); \
2022-01-11 17:21:48.738711 +0000 build-centos1: done
2022-01-11 17:21:48.738719 +0000 build-centos1: ~/builder-r4.1/qubes-src/linux-yum ~/builder-r4.1/qubes-src/linux-yum
2022-01-11 17:21:48.738726 +0000 build-centos1: --> Processing repo: r4.1/current/vm/centos-stream8...
2022-01-11 17:21:48.738735 +0000 build-centos1: warning: Found bdb Packages database while attempting sqlite backend: using bdb backend.
2022-01-11 17:21:49.128018 +0000 build-centos1: C_CREATEREPOLIB: Warning: Cannot parse repomd: r4.1/current/vm/centos-stream8/repodata/repomd.xml
2022-01-11 17:21:49.241477 +0000 build-centos1: Done.
2022-01-11 17:21:49.243497 +0000 build-centos1: ~/builder-r4.1/qubes-src/linux-yum ~/builder-r4.1/qubes-src/linux-yum
2022-01-11 17:21:49.244302 +0000 build-centos1: Syncing r4.1...
2022-01-11 17:21:49.867704 +0000 build-centos1: sending incremental file list
2022-01-11 17:21:49.940247 +0000 build-centos1: .d..tp..... centos-stream8/
2022-01-11 17:21:49.940274 +0000 build-centos1: cL+++++++++ centos-stream8/comps.xml -> ../../../comps-vm.xml
2022-01-11 17:21:49.940283 +0000 build-centos1: cd+++++++++ centos-stream8/repodata/
2022-01-11 17:21:49.940295 +0000 build-centos1: <f+++++++++ centos-stream8/repodata/.gitignore
2022-01-11 17:21:49.940306 +0000 build-centos1: .             38 100%    0.00kB/s    0:00:00  .             38 100%    0.00kB/s    0:00:00 (xfr#1, to-chk=14/19)
2022-01-11 17:21:49.940333 +0000 build-centos1: <f+++++++++ centos-stream8/repodata/0a4d9ec5911f793f87955cf8bbc866b0c930c8f9aa2384ec29cc1f360a31da93-comps.xml.gz
2022-01-11 17:21:49.940375 +0000 build-centos1: .          8,416 100%    8.03MB/s    0:00:00  .          8,416 100%    8.03MB/s    0:00:00 (xfr#2, to-chk=13/19)
2022-01-11 17:21:49.940387 +0000 build-centos1: <f+++++++++ centos-stream8/repodata/397e43a81ad38941589caaed70c4fabc438fb360cee27a55821a1db270bacaa3-comps.xml
2022-01-11 17:21:49.940428 +0000 build-centos1: .         25,819 100%   24.62MB/s    0:00:00  .         25,819 100%   24.62MB/s    0:00:00 (xfr#3, to-chk=12/19)
2022-01-11 17:21:49.940440 +0000 build-centos1: <f+++++++++ centos-stream8/repodata/594533b3a41d044a07a8cc45eb57d533480a393e66d52f283e872b99c05ec46f-primary.sqlite.bz2
2022-01-11 17:21:49.940454 +0000 build-centos1: .          2,415 100%    2.30MB/s    0:00:00  .          2,415 100%    2.30MB/s    0:00:00 (xfr#4, to-chk=11/19)
2022-01-11 17:21:49.940465 +0000 build-centos1: <f+++++++++ centos-stream8/repodata/6b74d1b1f8bc08d9961e2c9164dd391d8832424784e733f85d885dfc38471582-other.sqlite.bz2
2022-01-11 17:21:49.940478 +0000 build-centos1: .            753 100%  735.35kB/s    0:00:00  .            753 100%  735.35kB/s    0:00:00 (xfr#5, to-chk=10/19)
2022-01-11 17:21:49.940489 +0000 build-centos1: <f+++++++++ centos-stream8/repodata/82b6e0394058a47cb202ba087ef4c4da7e361d52ec9395862e84565c82afdb94-primary.xml.gz
2022-01-11 17:21:49.940502 +0000 build-centos1: .            919 100%  897.46kB/s    0:00:00  .            919 100%  897.46kB/s    0:00:00 (xfr#6, to-chk=9/19)
2022-01-11 17:21:49.940523 +0000 build-centos1: <f+++++++++ centos-stream8/repodata/ea2d06e9aea33cd468319ec7a96c53b29bef2da04eab56a979f1b494c580d519-filelists.sqlite.bz2
2022-01-11 17:21:49.940534 +0000 build-centos1: .          1,087 100%    1.04MB/s    0:00:00  .          1,087 100%    1.04MB/s    0:00:00 (xfr#7, to-chk=8/19)
2022-01-11 17:21:49.940544 +0000 build-centos1: <f+++++++++ centos-stream8/repodata/f44066730749360a46f028170237b2f795d5fd4affde22f4a87a11fd58280e5b-other.xml.gz
2022-01-11 17:21:49.940560 +0000 build-centos1: .            292 100%  285.16kB/s    0:00:00  .            292 100%  285.16kB/s    0:00:00 (xfr#8, to-chk=7/19)
2022-01-11 17:21:49.940571 +0000 build-centos1: <f+++++++++ centos-stream8/repodata/fc0031766e4171c675016b3ad59d1f697b2b6c41a76288e49ea4797827641142-filelists.xml.gz
2022-01-11 17:21:49.940581 +0000 build-centos1: .            440 100%  429.69kB/s    0:00:00  .            440 100%  429.69kB/s    0:00:00 (xfr#9, to-chk=6/19)
2022-01-11 17:21:49.940588 +0000 build-centos1: <f+++++++++ centos-stream8/repodata/repomd.xml
2022-01-11 17:21:49.940602 +0000 build-centos1: .          3,831 100%    3.65MB/s    0:00:00  .          3,831 100%    3.65MB/s    0:00:00 (xfr#10, to-chk=5/19)
2022-01-11 17:21:49.940609 +0000 build-centos1: <f+++++++++ centos-stream8/repodata/repomd.xml.asc
2022-01-11 17:21:49.940619 +0000 build-centos1: .            488 100%  476.56kB/s    0:00:00  .            488 100%  476.56kB/s    0:00:00 (xfr#11, to-chk=4/19)
2022-01-11 17:21:49.940625 +0000 build-centos1: cd+++++++++ centos-stream8/rpm/
2022-01-11 17:21:49.940631 +0000 build-centos1: <f+++++++++ centos-stream8/rpm/.gitignore
2022-01-11 17:21:49.940989 +0000 build-centos1: .              6 100%    5.86kB/s    0:00:00  .              6 100%    5.86kB/s    0:00:00 (xfr#12, to-chk=3/19)
2022-01-11 17:21:49.940998 +0000 build-centos1: <f+++++++++ centos-stream8/rpm/qubes-tunnel-1.4.4-1.el8.src.rpm
2022-01-11 17:21:49.941139 +0000 build-centos1: .         32,768  97%   31.25MB/s    0:00:00  .         33,744 100%   32.18MB/s    0:00:00 (xfr#13, to-chk=2/19)
2022-01-11 17:21:49.941148 +0000 build-centos1: <f+++++++++ centos-stream8/rpm/qubes-tunnel-1.4.4-1.el8.x86_64.buildinfo
2022-01-11 17:21:49.941158 +0000 build-centos1: .          6,675 100%    6.37MB/s    0:00:00  .          6,675 100%    6.37MB/s    0:00:00 (xfr#14, to-chk=1/19)
2022-01-11 17:21:49.941166 +0000 build-centos1: <f+++++++++ centos-stream8/rpm/qubes-tunnel-1.4.4-1.el8.x86_64.rpm
2022-01-11 17:21:49.941179 +0000 build-centos1: .         12,388 100%   11.81MB/s    0:00:00  .         12,388 100%   11.81MB/s    0:00:00 (xfr#15, to-chk=0/19)
2022-01-11 17:21:50.496440 +0000 build-centos1: Makefile:819: update target 'update-repo-current' due to: internal-update-repo-current.vm.centos-stream8 post-update-repo-current
2022-01-11 17:21:50.496484 +0000 build-centos1: true
2022-01-11 17:21:50.497473 +0000 build-centos1: > done
2022-01-11 17:21:50.497560 +0000 > closing log
