2021-02-05 22:25:46.342774 +0000 > starting log
2021-02-05 22:25:46.343877 +0000 build-centos1: > starting build with log
2021-02-05 22:25:46.343949 +0000 build-centos1: >> make args: update-repo-current
2021-02-05 22:25:46.344000 +0000 build-centos1: >> MAKEFLAGS=
2021-02-05 22:25:46.344052 +0000 build-centos1: >> COMPONENTS=remote-desktop
2021-02-05 22:25:46.344158 +0000 build-centos1: >> DISTS_VM=centos8
2021-02-05 22:25:46.344225 +0000 build-centos1: >> DIST_DOM0=
2021-02-05 22:25:46.344284 +0000 build-centos1: >> qubes-builder ef676594f3e804a170b21da2fb8b2bb4474a7033
2021-02-05 22:25:46.344348 +0000 build-centos1: >> qubes-builder/qubes-src/remote-desktop 1b1e55d54edc6bdeed2a1ea1a1f48fd0e587698a
2021-02-05 22:25:46.344409 +0000 build-centos1: !! pkgs/vm-centos8/qubes-remote-desktop-4.0.3-1.centos8.src.rpm
2021-02-05 22:25:46.344469 +0000 build-centos1: !! pkgs/vm-centos8/qubes-remote-desktop-4.0.3-1.centos8.x86_64.buildinfo
2021-02-05 22:25:46.344527 +0000 build-centos1: !! pkgs/vm-centos8/qubes-remote-desktop-4.0.3-1.centos8.x86_64.rpm
2021-02-05 22:25:46.344578 +0000 build-centos1: !! pkgs/vm-centos8/remote-desktop.spec.list
2021-02-05 22:25:46.344672 +0000 build-centos1: 823eb164a6b61854e9eed7b4bd46d754a007ddb8ba2ed65efdb434b99b1d4cd324ed595d6ee2aab48c5ddcd1b981b664c097181174100c311b1805ebcd533fdd  pkgs/vm-centos8/qubes-remote-desktop-4.0.3-1.centos8.src.rpm
2021-02-05 22:25:46.344775 +0000 build-centos1: a203d39405f5d48858a55ddf3c625477808d9692a5f5977dfe176c1e95e44c0cd57a4ef15d7e7d0a5ab1b0e3a2611c1d05e8e51730ba1b66953148e5ab797a86  pkgs/vm-centos8/qubes-remote-desktop-4.0.3-1.centos8.x86_64.buildinfo
2021-02-05 22:25:46.344875 +0000 build-centos1: 1b806ff6328e10184b745656191071d5ebe82d07ce4e0f50b1368364762df5af680ade6630ce2bd4d758c4aa269955a293610c9112db585c089097d66b0899f9  pkgs/vm-centos8/qubes-remote-desktop-4.0.3-1.centos8.x86_64.rpm
2021-02-05 22:25:46.344968 +0000 build-centos1: 2589456b6f5db2cc3a859322d6c0e6d03b4c04f40672941436ea5a6da6b79a683310db1ff4a32ba70f03122ce842d92ab88421d048de4614c21916470e473ce2  pkgs/vm-centos8/remote-desktop.spec.list
2021-02-05 22:25:46.345035 +0000 build-centos1: ================================================================================
2021-02-05 22:25:46.345097 +0000 build-centos1:                            B U I L D   I N F O                                  
2021-02-05 22:25:46.345223 +0000 build-centos1: Items in red indicate it was automatically generated by configuration file(s)
2021-02-05 22:25:46.345290 +0000 build-centos1: Items in white indicate it was automatically removed by configuration file(s)
2021-02-05 22:25:46.345354 +0000 build-centos1: ================================================================================
2021-02-05 22:25:46.345400 +0000 build-centos1: DISTS_VM:
2021-02-05 22:25:46.345444 +0000 build-centos1:      centos8,
2021-02-05 22:25:46.345486 +0000 build-centos1: DISTS_ALL:
2021-02-05 22:25:46.345530 +0000 build-centos1:      vm-centos8,
2021-02-05 22:25:46.345573 +0000 build-centos1: DIST_DOM0:
2021-02-05 22:25:46.345614 +0000 build-centos1:     
2021-02-05 22:25:46.345658 +0000 build-centos1: BUILDER_PLUGINS:
2021-02-05 22:25:46.345714 +0000 build-centos1:      builder-rpm, mgmt-salt, contrib-configs, builder-github,
2021-02-05 22:25:46.345757 +0000 build-centos1: COMPONENTS:
2021-02-05 22:25:46.345803 +0000 build-centos1:      remote-desktop,
2021-02-05 22:25:46.345845 +0000 build-centos1: GIT_REPOS:
2021-02-05 22:25:46.345893 +0000 build-centos1:      qubes-src/remote-desktop,
2021-02-05 22:25:46.345934 +0000 build-centos1: TEMPLATE:
2021-02-05 22:25:46.345974 +0000 build-centos1:     
2021-02-05 22:25:46.346019 +0000 build-centos1: TEMPLATE_FLAVOR_DIR:
2021-02-05 22:25:46.346060 +0000 build-centos1:     
2021-02-05 22:25:46.346156 +0000 build-centos1: TEMPLATE_ALIAS:
2021-02-05 22:25:46.346213 +0000 build-centos1:     
2021-02-05 22:25:46.346258 +0000 build-centos1: TEMPLATE_LABEL:
2021-02-05 22:25:46.346299 +0000 build-centos1:     
2021-02-05 22:25:46.346342 +0000 build-centos1: > running make
2021-02-05 22:25:46.346408 +0000 build-centos1: Makefile:847: target 'internal-update-repo-current.vm.centos8.remote-desktop' does not exist
2021-02-05 22:25:46.346495 +0000 build-centos1: repo_base_var="LINUX_REPO_centos8_BASEDIR"; \
2021-02-05 22:25:46.346558 +0000 build-centos1: if [ "remote-desktop" = linux-template-builder ]; then \
2021-02-05 22:25:46.346618 +0000 build-centos1: .# templates belongs to dom0 repository, even though PACKAGE_SET=vm
2021-02-05 22:25:46.346670 +0000 build-centos1: repo_base_var="LINUX_REPO__BASEDIR"; \
2021-02-05 22:25:46.346711 +0000 build-centos1: fi; \
2021-02-05 22:25:46.346760 +0000 build-centos1: if [ -n "${!repo_base_var}" ]; then \
2021-02-05 22:25:46.346810 +0000 build-centos1: .repo_basedir="${!repo_base_var}"; \
2021-02-05 22:25:46.346852 +0000 build-centos1: else \
2021-02-05 22:25:46.346903 +0000 build-centos1: .repo_basedir="qubes-src/linux-yum/r4.1"; \
2021-02-05 22:25:46.346944 +0000 build-centos1: fi; \
2021-02-05 22:25:46.347000 +0000 build-centos1: if [ -r qubes-src/remote-desktop/Makefile.builder ]; then \
2021-02-05 22:25:46.347053 +0000 build-centos1: .echo -n "Updating qubes-src/remote-desktop... "; \
2021-02-05 22:25:46.347144 +0000 build-centos1: .if [ "0" -eq 1 ]; then \
2021-02-05 22:25:46.347223 +0000 build-centos1: ..vtag=`git -C qubes-src/remote-desktop tag --points-at HEAD --list v*`; \
2021-02-05 22:25:46.347273 +0000 build-centos1: ..if [ -z "$vtag" ]; then \
2021-02-05 22:25:46.347321 +0000 build-centos1: ...echo "no version tag"; \
2021-02-05 22:25:46.347365 +0000 build-centos1: ...exit 0; \
2021-02-05 22:25:46.347407 +0000 build-centos1: ..fi; \
2021-02-05 22:25:46.347449 +0000 build-centos1: .fi; \
2021-02-05 22:25:46.347504 +0000 build-centos1: .if [ "remote-desktop" = linux-template-builder ]; then
2021-02-05 22:25:46.347573 +0000 build-centos1: export TEMPLATE_NAME=$(MAKEFLAGS= make -s -C qubes-src/linux-template-builder DIST=centos8 template-name)
2021-02-05 22:25:46.347617 +0000 build-centos1: fi
2021-02-05 22:25:46.347725 +0000 build-centos1: component_packages=$(MAKEFLAGS= make -s -f Makefile.generic DIST=centos8 PACKAGE_SET=vm COMPONENT=`basename qubes-src/remote-desktop` UPDATE_REPO=/home/user/builder-r4.1/$repo_basedir/current/vm/centos8 get-var GET_VAR=PACKAGE_LIST); \
2021-02-05 22:25:46.347781 +0000 build-centos1: .if [ -z "$component_packages" ]; then \
2021-02-05 22:25:46.347829 +0000 build-centos1: ..echo "no packages."; \
2021-02-05 22:25:46.347872 +0000 build-centos1: ..exit 0; \
2021-02-05 22:25:46.347914 +0000 build-centos1: .fi; \
2021-02-05 22:25:46.347970 +0000 build-centos1: .make -s -f Makefile.generic DIST=centos8 PACKAGE_SET=vm \
2021-02-05 22:25:46.348023 +0000 build-centos1: ..COMPONENT=`basename qubes-src/remote-desktop` \
2021-02-05 22:25:46.348073 +0000 build-centos1: ..SNAPSHOT_REPO=current-testing \
2021-02-05 22:25:46.348174 +0000 build-centos1: ..TARGET_REPO=current \
2021-02-05 22:25:46.348245 +0000 build-centos1: ..UPDATE_REPO=/home/user/builder-r4.1/$repo_basedir/current/vm/centos8 \
2021-02-05 22:25:46.348320 +0000 build-centos1: ..SNAPSHOT_FILE=/home/user/builder-r4.1/repo-latest-snapshot/current-testing-vm-centos8-`basename qubes-src/remote-desktop` \
2021-02-05 22:25:46.348369 +0000 build-centos1: ..BUILD_LOG_URL= \
2021-02-05 22:25:46.348420 +0000 build-centos1: ..update-repo-from-snapshot || exit 1; \
2021-02-05 22:25:46.348485 +0000 build-centos1: elif make -C qubes-src/remote-desktop -n update-repo-current >/dev/null 2>/dev/null; then \
2021-02-05 22:25:46.348541 +0000 build-centos1: .echo "Updating qubes-src/remote-desktop... "; \
2021-02-05 22:25:46.348605 +0000 build-centos1: .DIST=centos8 UPDATE_REPO=/home/user/builder-r4.1/$repo_basedir/current/vm/centos8 \
2021-02-05 22:25:46.348666 +0000 build-centos1: .make -s -C qubes-src/remote-desktop update-repo-current || exit 1; \
2021-02-05 22:25:46.348708 +0000 build-centos1: else \
2021-02-05 22:25:46.348764 +0000 build-centos1: .echo -n "Updating qubes-src/remote-desktop... skipping."; \
2021-02-05 22:25:46.348804 +0000 build-centos1: fi; \
2021-02-05 22:25:46.348845 +0000 build-centos1: echo
2021-02-05 22:25:46.348931 +0000 build-centos1: Updating qubes-src/remote-desktop... + ERR_OUTPUT=/dev/stderr
2021-02-05 22:25:46.349012 +0000 build-centos1: + '[' 2 -lt 2 ']'
2021-02-05 22:25:46.349076 +0000 build-centos1: ++ basename qubes-src/remote-desktop/rpm_spec/remote-desktop.spec.in
2021-02-05 22:25:46.349186 +0000 build-centos1: + [[ xremote-desktop.spec.in == \x\.\i\n ]]
2021-02-05 22:25:46.349252 +0000 build-centos1: + '[' -r qubes-src/remote-desktop/rpm_spec/remote-desktop.spec.in ']'
2021-02-05 22:25:46.349303 +0000 build-centos1: ++ mktemp --tmpdir tmp.XXXXXX.spec
2021-02-05 22:25:46.349353 +0000 build-centos1: + tmp_spec=/tmp/tmp.gabdvZ.spec
2021-02-05 22:25:46.349413 +0000 build-centos1: ++ dirname /home/user/builder-r4.1/qubes-src/builder-rpm/scripts/query-spec
2021-02-05 22:25:46.349495 +0000 build-centos1: + /home/user/builder-r4.1/qubes-src/builder-rpm/scripts/generate-spec qubes-src/remote-desktop/rpm_spec/remote-desktop.spec.in /tmp/tmp.gabdvZ.spec
2021-02-05 22:25:46.349543 +0000 build-centos1: + '[' 2 -lt 2 ']'
2021-02-05 22:25:46.349594 +0000 build-centos1: + '[' -z qubes-src/remote-desktop ']'
2021-02-05 22:25:46.349667 +0000 build-centos1: + cp qubes-src/remote-desktop/rpm_spec/remote-desktop.spec.in qubes-src/remote-desktop/rpm_spec/remote-desktop.spec.in.tmp
2021-02-05 22:25:46.349714 +0000 build-centos1: + read -r ver
2021-02-05 22:25:46.349757 +0000 build-centos1: + '[' x = x ']'
2021-02-05 22:25:46.349822 +0000 build-centos1: + sed -i 's|@VERSION@|4.0.3|g' qubes-src/remote-desktop/rpm_spec/remote-desktop.spec.in.tmp
2021-02-05 22:25:46.349866 +0000 build-centos1: + vnum=1
2021-02-05 22:25:46.349909 +0000 build-centos1: + read -r ver
2021-02-05 22:25:46.349959 +0000 build-centos1: + '[' -e qubes-src/remote-desktop/rel ']'
2021-02-05 22:25:46.350020 +0000 build-centos1: + grep -q @REL@ qubes-src/remote-desktop/rpm_spec/remote-desktop.spec.in.tmp
2021-02-05 22:25:46.350086 +0000 build-centos1: + sed -i -e s:@BACKEND_VMM@:xen:g qubes-src/remote-desktop/rpm_spec/remote-desktop.spec.in.tmp
2021-02-05 22:25:46.350216 +0000 build-centos1: + grep -q @CHANGELOG@ qubes-src/remote-desktop/rpm_spec/remote-desktop.spec.in.tmp
2021-02-05 22:25:46.350285 +0000 build-centos1: ++ dirname /home/user/builder-r4.1/qubes-src/builder-rpm/scripts/generate-spec
2021-02-05 22:25:46.350396 +0000 build-centos1: + /home/user/builder-r4.1/qubes-src/builder-rpm/scripts/generate-changelog qubes-src/remote-desktop qubes-src/remote-desktop/rpm_spec/remote-desktop.spec.in.tmp
2021-02-05 22:25:46.350660 +0000 build-centos1: + cat qubes-src/remote-desktop/rpm_spec/remote-desktop.spec.in.tmp
2021-02-05 22:25:46.350744 +0000 build-centos1: + rm -rf qubes-src/remote-desktop/rpm_spec/remote-desktop.spec.in.tmp
2021-02-05 22:25:46.350797 +0000 build-centos1: + '[' '%{SOURCE0}' = '%{SOURCE0}' ']'
2021-02-05 22:25:46.350858 +0000 build-centos1: ++ dirname /home/user/builder-r4.1/qubes-src/builder-rpm/scripts/query-spec
2021-02-05 22:25:46.350930 +0000 build-centos1: + /home/user/builder-r4.1/qubes-src/builder-rpm/scripts/../tools/spectool --list-files --source 0 /tmp/tmp.gabdvZ.spec
2021-02-05 22:25:46.350980 +0000 build-centos1: + rm -f /tmp/tmp.gabdvZ.spec
2021-02-05 22:25:46.351027 +0000 build-centos1: + ERR_OUTPUT=/dev/stderr
2021-02-05 22:25:46.351071 +0000 build-centos1: + '[' 2 -lt 2 ']'
2021-02-05 22:25:46.351190 +0000 build-centos1: ++ basename qubes-src/remote-desktop/rpm_spec/remote-desktop.spec.in
2021-02-05 22:25:46.351254 +0000 build-centos1: + [[ xremote-desktop.spec.in == \x\.\i\n ]]
2021-02-05 22:25:46.351314 +0000 build-centos1: + '[' -r qubes-src/remote-desktop/rpm_spec/remote-desktop.spec.in ']'
2021-02-05 22:25:46.351364 +0000 build-centos1: ++ mktemp --tmpdir tmp.XXXXXX.spec
2021-02-05 22:25:46.351414 +0000 build-centos1: + tmp_spec=/tmp/tmp.yQYo1A.spec
2021-02-05 22:25:46.351476 +0000 build-centos1: ++ dirname /home/user/builder-r4.1/qubes-src/builder-rpm/scripts/query-spec
2021-02-05 22:25:46.351560 +0000 build-centos1: + /home/user/builder-r4.1/qubes-src/builder-rpm/scripts/generate-spec qubes-src/remote-desktop/rpm_spec/remote-desktop.spec.in /tmp/tmp.yQYo1A.spec
2021-02-05 22:25:46.351638 +0000 build-centos1: + '[' 2 -lt 2 ']'
2021-02-05 22:25:46.351694 +0000 build-centos1: + '[' -z qubes-src/remote-desktop ']'
2021-02-05 22:25:46.351769 +0000 build-centos1: + cp qubes-src/remote-desktop/rpm_spec/remote-desktop.spec.in qubes-src/remote-desktop/rpm_spec/remote-desktop.spec.in.tmp
2021-02-05 22:25:46.351815 +0000 build-centos1: + read -r ver
2021-02-05 22:25:46.351859 +0000 build-centos1: + '[' x = x ']'
2021-02-05 22:25:46.351923 +0000 build-centos1: + sed -i 's|@VERSION@|4.0.3|g' qubes-src/remote-desktop/rpm_spec/remote-desktop.spec.in.tmp
2021-02-05 22:25:46.351968 +0000 build-centos1: + vnum=1
2021-02-05 22:25:46.352012 +0000 build-centos1: + read -r ver
2021-02-05 22:25:46.352062 +0000 build-centos1: + '[' -e qubes-src/remote-desktop/rel ']'
2021-02-05 22:25:46.352176 +0000 build-centos1: + grep -q @REL@ qubes-src/remote-desktop/rpm_spec/remote-desktop.spec.in.tmp
2021-02-05 22:25:46.352255 +0000 build-centos1: + sed -i -e s:@BACKEND_VMM@:xen:g qubes-src/remote-desktop/rpm_spec/remote-desktop.spec.in.tmp
2021-02-05 22:25:46.352322 +0000 build-centos1: + grep -q @CHANGELOG@ qubes-src/remote-desktop/rpm_spec/remote-desktop.spec.in.tmp
2021-02-05 22:25:46.352385 +0000 build-centos1: ++ dirname /home/user/builder-r4.1/qubes-src/builder-rpm/scripts/generate-spec
2021-02-05 22:25:46.352473 +0000 build-centos1: + /home/user/builder-r4.1/qubes-src/builder-rpm/scripts/generate-changelog qubes-src/remote-desktop qubes-src/remote-desktop/rpm_spec/remote-desktop.spec.in.tmp
2021-02-05 22:25:46.352535 +0000 build-centos1: + cat qubes-src/remote-desktop/rpm_spec/remote-desktop.spec.in.tmp
2021-02-05 22:25:46.352594 +0000 build-centos1: + rm -rf qubes-src/remote-desktop/rpm_spec/remote-desktop.spec.in.tmp
2021-02-05 22:25:46.352646 +0000 build-centos1: + '[' '%{SOURCE0}' = '%{SOURCE0}' ']'
2021-02-05 22:25:46.352706 +0000 build-centos1: ++ dirname /home/user/builder-r4.1/qubes-src/builder-rpm/scripts/query-spec
2021-02-05 22:25:46.352777 +0000 build-centos1: + /home/user/builder-r4.1/qubes-src/builder-rpm/scripts/../tools/spectool --list-files --source 0 /tmp/tmp.yQYo1A.spec
2021-02-05 22:25:46.402050 +0000 build-centos1: + rm -f /tmp/tmp.yQYo1A.spec
2021-02-05 22:25:46.466525 +0000 build-centos1: + ERR_OUTPUT=/dev/stderr
2021-02-05 22:25:46.466677 +0000 build-centos1: + '[' 2 -lt 2 ']'
2021-02-05 22:25:46.467944 +0000 build-centos1: ++ basename qubes-src/remote-desktop/rpm_spec/remote-desktop.spec.in
2021-02-05 22:25:46.470570 +0000 build-centos1: + [[ xremote-desktop.spec.in == \x\.\i\n ]]
2021-02-05 22:25:46.471213 +0000 build-centos1: + '[' -r qubes-src/remote-desktop/rpm_spec/remote-desktop.spec.in ']'
2021-02-05 22:25:46.472726 +0000 build-centos1: ++ mktemp --tmpdir tmp.XXXXXX.spec
2021-02-05 22:25:46.475150 +0000 build-centos1: + tmp_spec=/tmp/tmp.Drjqbx.spec
2021-02-05 22:25:46.476394 +0000 build-centos1: ++ dirname /home/user/builder-r4.1/qubes-src/builder-rpm/scripts/query-spec
2021-02-05 22:25:46.478916 +0000 build-centos1: + /home/user/builder-r4.1/qubes-src/builder-rpm/scripts/generate-spec qubes-src/remote-desktop/rpm_spec/remote-desktop.spec.in /tmp/tmp.Drjqbx.spec
2021-02-05 22:25:46.483628 +0000 build-centos1: + '[' 2 -lt 2 ']'
2021-02-05 22:25:46.483721 +0000 build-centos1: + '[' -z qubes-src/remote-desktop ']'
2021-02-05 22:25:46.483824 +0000 build-centos1: + cp qubes-src/remote-desktop/rpm_spec/remote-desktop.spec.in qubes-src/remote-desktop/rpm_spec/remote-desktop.spec.in.tmp
2021-02-05 22:25:46.488732 +0000 build-centos1: + read -r ver
2021-02-05 22:25:46.488836 +0000 build-centos1: + '[' x = x ']'
2021-02-05 22:25:46.488916 +0000 build-centos1: + sed -i 's|@VERSION@|4.0.3|g' qubes-src/remote-desktop/rpm_spec/remote-desktop.spec.in.tmp
2021-02-05 22:25:46.493948 +0000 build-centos1: + vnum=1
2021-02-05 22:25:46.494027 +0000 build-centos1: + read -r ver
2021-02-05 22:25:46.494168 +0000 build-centos1: + '[' -e qubes-src/remote-desktop/rel ']'
2021-02-05 22:25:46.494308 +0000 build-centos1: + grep -q @REL@ qubes-src/remote-desktop/rpm_spec/remote-desktop.spec.in.tmp
2021-02-05 22:25:46.497840 +0000 build-centos1: + sed -i -e s:@BACKEND_VMM@:xen:g qubes-src/remote-desktop/rpm_spec/remote-desktop.spec.in.tmp
2021-02-05 22:25:46.502727 +0000 build-centos1: + grep -q @CHANGELOG@ qubes-src/remote-desktop/rpm_spec/remote-desktop.spec.in.tmp
2021-02-05 22:25:46.507098 +0000 build-centos1: ++ dirname /home/user/builder-r4.1/qubes-src/builder-rpm/scripts/generate-spec
2021-02-05 22:25:46.509966 +0000 build-centos1: + /home/user/builder-r4.1/qubes-src/builder-rpm/scripts/generate-changelog qubes-src/remote-desktop qubes-src/remote-desktop/rpm_spec/remote-desktop.spec.in.tmp
2021-02-05 22:25:46.678675 +0000 build-centos1: + cat qubes-src/remote-desktop/rpm_spec/remote-desktop.spec.in.tmp
2021-02-05 22:25:46.682032 +0000 build-centos1: + rm -rf qubes-src/remote-desktop/rpm_spec/remote-desktop.spec.in.tmp
2021-02-05 22:25:46.685749 +0000 build-centos1: + '[' '%{SOURCE0}' = '%{SOURCE0}' ']'
2021-02-05 22:25:46.686526 +0000 build-centos1: ++ dirname /home/user/builder-r4.1/qubes-src/builder-rpm/scripts/query-spec
2021-02-05 22:25:46.689837 +0000 build-centos1: + /home/user/builder-r4.1/qubes-src/builder-rpm/scripts/../tools/spectool --list-files --source 0 /tmp/tmp.Drjqbx.spec
2021-02-05 22:25:46.979331 +0000 build-centos1: + rm -f /tmp/tmp.Drjqbx.spec
2021-02-05 22:25:46.990316 +0000 build-centos1: Makefile.generic:223: target 'update-repo-date-check' does not exist
2021-02-05 22:25:46.990445 +0000 build-centos1: if ! [ -r /home/user/builder-r4.1/repo-latest-snapshot/current-testing-vm-centos8-remote-desktop ]; then \
2021-02-05 22:25:46.990526 +0000 build-centos1: .echo "`tput bold`*** Packages weren't uploaded to current-testing! ***`tput sgr0`"; \
2021-02-05 22:25:46.990576 +0000 build-centos1: .exit 1; \
2021-02-05 22:25:46.990619 +0000 build-centos1: fi
2021-02-05 22:25:47.017599 +0000 build-centos1: + ERR_OUTPUT=/dev/stderr
2021-02-05 22:25:47.017732 +0000 build-centos1: + '[' 2 -lt 2 ']'
2021-02-05 22:25:47.019146 +0000 build-centos1: ++ basename qubes-src/remote-desktop/rpm_spec/remote-desktop.spec.in
2021-02-05 22:25:47.021788 +0000 build-centos1: + [[ xremote-desktop.spec.in == \x\.\i\n ]]
2021-02-05 22:25:47.022323 +0000 build-centos1: + '[' -r qubes-src/remote-desktop/rpm_spec/remote-desktop.spec.in ']'
2021-02-05 22:25:47.023470 +0000 build-centos1: ++ mktemp --tmpdir tmp.XXXXXX.spec
2021-02-05 22:25:47.026392 +0000 build-centos1: + tmp_spec=/tmp/tmp.SbeaYz.spec
2021-02-05 22:25:47.027439 +0000 build-centos1: ++ dirname /home/user/builder-r4.1/qubes-src/builder-rpm/scripts/query-spec
2021-02-05 22:25:47.030222 +0000 build-centos1: + /home/user/builder-r4.1/qubes-src/builder-rpm/scripts/generate-spec qubes-src/remote-desktop/rpm_spec/remote-desktop.spec.in /tmp/tmp.SbeaYz.spec
2021-02-05 22:25:47.034843 +0000 build-centos1: + '[' 2 -lt 2 ']'
2021-02-05 22:25:47.035163 +0000 build-centos1: + '[' -z qubes-src/remote-desktop ']'
2021-02-05 22:25:47.035278 +0000 build-centos1: + cp qubes-src/remote-desktop/rpm_spec/remote-desktop.spec.in qubes-src/remote-desktop/rpm_spec/remote-desktop.spec.in.tmp
2021-02-05 22:25:47.040601 +0000 build-centos1: + read -r ver
2021-02-05 22:25:47.040870 +0000 build-centos1: + '[' x = x ']'
2021-02-05 22:25:47.040992 +0000 build-centos1: + sed -i 's|@VERSION@|4.0.3|g' qubes-src/remote-desktop/rpm_spec/remote-desktop.spec.in.tmp
2021-02-05 22:25:47.046772 +0000 build-centos1: + vnum=1
2021-02-05 22:25:47.046859 +0000 build-centos1: + read -r ver
2021-02-05 22:25:47.047501 +0000 build-centos1: + '[' -e qubes-src/remote-desktop/rel ']'
2021-02-05 22:25:47.047614 +0000 build-centos1: + grep -q @REL@ qubes-src/remote-desktop/rpm_spec/remote-desktop.spec.in.tmp
2021-02-05 22:25:47.051524 +0000 build-centos1: + sed -i -e s:@BACKEND_VMM@:xen:g qubes-src/remote-desktop/rpm_spec/remote-desktop.spec.in.tmp
2021-02-05 22:25:47.056953 +0000 build-centos1: + grep -q @CHANGELOG@ qubes-src/remote-desktop/rpm_spec/remote-desktop.spec.in.tmp
2021-02-05 22:25:47.061499 +0000 build-centos1: ++ dirname /home/user/builder-r4.1/qubes-src/builder-rpm/scripts/generate-spec
2021-02-05 22:25:47.064319 +0000 build-centos1: + /home/user/builder-r4.1/qubes-src/builder-rpm/scripts/generate-changelog qubes-src/remote-desktop qubes-src/remote-desktop/rpm_spec/remote-desktop.spec.in.tmp
2021-02-05 22:25:47.230617 +0000 build-centos1: + cat qubes-src/remote-desktop/rpm_spec/remote-desktop.spec.in.tmp
2021-02-05 22:25:47.233523 +0000 build-centos1: + rm -rf qubes-src/remote-desktop/rpm_spec/remote-desktop.spec.in.tmp
2021-02-05 22:25:47.237059 +0000 build-centos1: + '[' '%{SOURCE0}' = '%{SOURCE0}' ']'
2021-02-05 22:25:47.237735 +0000 build-centos1: ++ dirname /home/user/builder-r4.1/qubes-src/builder-rpm/scripts/query-spec
2021-02-05 22:25:47.240914 +0000 build-centos1: + /home/user/builder-r4.1/qubes-src/builder-rpm/scripts/../tools/spectool --list-files --source 0 /tmp/tmp.SbeaYz.spec
2021-02-05 22:25:47.532097 +0000 build-centos1: + rm -f /tmp/tmp.SbeaYz.spec
2021-02-05 22:25:47.543988 +0000 build-centos1: touch -t `date -d "7 days ago" +%Y%m%d%H%M` /tmp/age-compare-file
2021-02-05 22:25:47.554327 +0000 build-centos1: if ! [ /home/user/builder-r4.1/repo-latest-snapshot/current-testing-vm-centos8-remote-desktop -ot /tmp/age-compare-file ]; then \
2021-02-05 22:25:47.554460 +0000 build-centos1: .echo "`tput bold`*** Packages weren't in current-testing for at least 7 days! ***`tput sgr0`"; \
2021-02-05 22:25:47.554519 +0000 build-centos1: .exit 1; \
2021-02-05 22:25:47.554564 +0000 build-centos1: fi
2021-02-05 22:25:47.557854 +0000 build-centos1: rm -f /tmp/age-compare-file
2021-02-05 22:25:47.570761 +0000 build-centos1: /home/user/builder-r4.1/qubes-src/builder-rpm/Makefile.rpmbuilder:176: target 'update-repo-from-snapshot-do' does not exist
2021-02-05 22:25:47.570926 +0000 build-centos1: for f in pkgs/vm-centos8/qubes-remote-desktop-4.0.3-1.centos8.src.rpm pkgs/vm-centos8/qubes-remote-desktop-4.0.3-1.centos8.x86_64.rpm pkgs/vm-centos8/qubes-remote-desktop-4.0.3-1.centos8.x86_64.buildinfo; do \
2021-02-05 22:25:47.571036 +0000 build-centos1: .ln -f /home/user/builder-r4.1/qubes-src/linux-yum/r4.1/current-testing/vm/centos8/rpm/`basename $f` /home/user/builder-r4.1/qubes-src/linux-yum/r4.1/current/vm/centos8/rpm/ || exit 1; \
2021-02-05 22:25:47.571087 +0000 build-centos1: done
2021-02-05 22:25:47.597020 +0000 build-centos1: + ERR_OUTPUT=/dev/stderr
2021-02-05 22:25:47.597226 +0000 build-centos1: + '[' 2 -lt 2 ']'
2021-02-05 22:25:47.597797 +0000 build-centos1: ++ basename qubes-src/remote-desktop/rpm_spec/remote-desktop.spec.in
2021-02-05 22:25:47.600950 +0000 build-centos1: + [[ xremote-desktop.spec.in == \x\.\i\n ]]
2021-02-05 22:25:47.601304 +0000 build-centos1: + '[' -r qubes-src/remote-desktop/rpm_spec/remote-desktop.spec.in ']'
2021-02-05 22:25:47.602279 +0000 build-centos1: ++ mktemp --tmpdir tmp.XXXXXX.spec
2021-02-05 22:25:47.605283 +0000 build-centos1: + tmp_spec=/tmp/tmp.DPfIbz.spec
2021-02-05 22:25:47.606215 +0000 build-centos1: ++ dirname /home/user/builder-r4.1/qubes-src/builder-rpm/scripts/query-spec
2021-02-05 22:25:47.609396 +0000 build-centos1: + /home/user/builder-r4.1/qubes-src/builder-rpm/scripts/generate-spec qubes-src/remote-desktop/rpm_spec/remote-desktop.spec.in /tmp/tmp.DPfIbz.spec
2021-02-05 22:25:47.613806 +0000 build-centos1: + '[' 2 -lt 2 ']'
2021-02-05 22:25:47.613915 +0000 build-centos1: + '[' -z qubes-src/remote-desktop ']'
2021-02-05 22:25:47.613999 +0000 build-centos1: + cp qubes-src/remote-desktop/rpm_spec/remote-desktop.spec.in qubes-src/remote-desktop/rpm_spec/remote-desktop.spec.in.tmp
2021-02-05 22:25:47.619322 +0000 build-centos1: + read -r ver
2021-02-05 22:25:47.619424 +0000 build-centos1: + '[' x = x ']'
2021-02-05 22:25:47.619503 +0000 build-centos1: + sed -i 's|@VERSION@|4.0.3|g' qubes-src/remote-desktop/rpm_spec/remote-desktop.spec.in.tmp
2021-02-05 22:25:47.624759 +0000 build-centos1: + vnum=1
2021-02-05 22:25:47.624875 +0000 build-centos1: + read -r ver
2021-02-05 22:25:47.624988 +0000 build-centos1: + '[' -e qubes-src/remote-desktop/rel ']'
2021-02-05 22:25:47.625058 +0000 build-centos1: + grep -q @REL@ qubes-src/remote-desktop/rpm_spec/remote-desktop.spec.in.tmp
2021-02-05 22:25:47.629197 +0000 build-centos1: + sed -i -e s:@BACKEND_VMM@:xen:g qubes-src/remote-desktop/rpm_spec/remote-desktop.spec.in.tmp
2021-02-05 22:25:47.634282 +0000 build-centos1: + grep -q @CHANGELOG@ qubes-src/remote-desktop/rpm_spec/remote-desktop.spec.in.tmp
2021-02-05 22:25:47.638374 +0000 build-centos1: ++ dirname /home/user/builder-r4.1/qubes-src/builder-rpm/scripts/generate-spec
2021-02-05 22:25:47.641379 +0000 build-centos1: + /home/user/builder-r4.1/qubes-src/builder-rpm/scripts/generate-changelog qubes-src/remote-desktop qubes-src/remote-desktop/rpm_spec/remote-desktop.spec.in.tmp
2021-02-05 22:25:47.809173 +0000 build-centos1: + cat qubes-src/remote-desktop/rpm_spec/remote-desktop.spec.in.tmp
2021-02-05 22:25:47.812465 +0000 build-centos1: + rm -rf qubes-src/remote-desktop/rpm_spec/remote-desktop.spec.in.tmp
2021-02-05 22:25:47.816329 +0000 build-centos1: + '[' '%{SOURCE0}' = '%{SOURCE0}' ']'
2021-02-05 22:25:47.817404 +0000 build-centos1: ++ dirname /home/user/builder-r4.1/qubes-src/builder-rpm/scripts/query-spec
2021-02-05 22:25:47.820355 +0000 build-centos1: + /home/user/builder-r4.1/qubes-src/builder-rpm/scripts/../tools/spectool --list-files --source 0 /tmp/tmp.DPfIbz.spec
2021-02-05 22:25:48.122025 +0000 build-centos1: + rm -f /tmp/tmp.DPfIbz.spec
2021-02-05 22:25:48.168603 +0000 build-centos1: /home/user/builder-r4.1/qubes-src/builder-github//Makefile.github:18: target 'notify-github' does not exist
2021-02-05 22:25:48.168799 +0000 build-centos1: [ -z "qubes-remote-desktop-4.0.3-1.centos8" ] || /home/user/builder-r4.1/qubes-src/builder-github//notify-issues \
2021-02-05 22:25:48.168860 +0000 build-centos1: .--build-log="" \
2021-02-05 22:25:48.168907 +0000 build-centos1: .upload \
2021-02-05 22:25:48.168952 +0000 build-centos1: ."r4.1" \
2021-02-05 22:25:48.169001 +0000 build-centos1: ."qubes-src/remote-desktop" \
2021-02-05 22:25:48.169054 +0000 build-centos1: ."qubes-remote-desktop-4.0.3-1.centos8" \
2021-02-05 22:25:48.169159 +0000 build-centos1: ."centos8" \
2021-02-05 22:25:48.169224 +0000 build-centos1: ."vm" \
2021-02-05 22:25:48.169270 +0000 build-centos1: ."current" \
2021-02-05 22:25:48.169331 +0000 build-centos1: ."/home/user/github-notify-state/r4.1-remote-desktop-vm-centos8-current" \
2021-02-05 22:25:48.169391 +0000 build-centos1: ."/home/user/github-notify-state/r4.1-remote-desktop-vm-centos8-current"
2021-02-05 22:25:48.202675 +0000 build-centos1: + ERR_OUTPUT=/dev/stderr
2021-02-05 22:25:48.202817 +0000 build-centos1: + '[' 2 -lt 2 ']'
2021-02-05 22:25:48.203641 +0000 build-centos1: ++ basename qubes-src/remote-desktop/rpm_spec/remote-desktop.spec.in
2021-02-05 22:25:48.206752 +0000 build-centos1: + [[ xremote-desktop.spec.in == \x\.\i\n ]]
2021-02-05 22:25:48.207057 +0000 build-centos1: + '[' -r qubes-src/remote-desktop/rpm_spec/remote-desktop.spec.in ']'
2021-02-05 22:25:48.207953 +0000 build-centos1: ++ mktemp --tmpdir tmp.XXXXXX.spec
2021-02-05 22:25:48.211428 +0000 build-centos1: + tmp_spec=/tmp/tmp.dwTWIw.spec
2021-02-05 22:25:48.212349 +0000 build-centos1: ++ dirname /home/user/builder-r4.1/qubes-src/builder-rpm/scripts/query-spec
2021-02-05 22:25:48.215421 +0000 build-centos1: + /home/user/builder-r4.1/qubes-src/builder-rpm/scripts/generate-spec qubes-src/remote-desktop/rpm_spec/remote-desktop.spec.in /tmp/tmp.dwTWIw.spec
2021-02-05 22:25:48.219931 +0000 build-centos1: + '[' 2 -lt 2 ']'
2021-02-05 22:25:48.220025 +0000 build-centos1: + '[' -z qubes-src/remote-desktop ']'
2021-02-05 22:25:48.220171 +0000 build-centos1: + cp qubes-src/remote-desktop/rpm_spec/remote-desktop.spec.in qubes-src/remote-desktop/rpm_spec/remote-desktop.spec.in.tmp
2021-02-05 22:25:48.225014 +0000 build-centos1: + read -r ver
2021-02-05 22:25:48.225159 +0000 build-centos1: + '[' x = x ']'
2021-02-05 22:25:48.225255 +0000 build-centos1: + sed -i 's|@VERSION@|4.0.3|g' qubes-src/remote-desktop/rpm_spec/remote-desktop.spec.in.tmp
2021-02-05 22:25:48.230315 +0000 build-centos1: + vnum=1
2021-02-05 22:25:48.230396 +0000 build-centos1: + read -r ver
2021-02-05 22:25:48.230716 +0000 build-centos1: + '[' -e qubes-src/remote-desktop/rel ']'
2021-02-05 22:25:48.230788 +0000 build-centos1: + grep -q @REL@ qubes-src/remote-desktop/rpm_spec/remote-desktop.spec.in.tmp
2021-02-05 22:25:48.234831 +0000 build-centos1: + sed -i -e s:@BACKEND_VMM@:xen:g qubes-src/remote-desktop/rpm_spec/remote-desktop.spec.in.tmp
2021-02-05 22:25:48.239759 +0000 build-centos1: + grep -q @CHANGELOG@ qubes-src/remote-desktop/rpm_spec/remote-desktop.spec.in.tmp
2021-02-05 22:25:48.244210 +0000 build-centos1: ++ dirname /home/user/builder-r4.1/qubes-src/builder-rpm/scripts/generate-spec
2021-02-05 22:25:48.246931 +0000 build-centos1: + /home/user/builder-r4.1/qubes-src/builder-rpm/scripts/generate-changelog qubes-src/remote-desktop qubes-src/remote-desktop/rpm_spec/remote-desktop.spec.in.tmp
2021-02-05 22:25:48.414261 +0000 build-centos1: + cat qubes-src/remote-desktop/rpm_spec/remote-desktop.spec.in.tmp
2021-02-05 22:25:48.417924 +0000 build-centos1: + rm -rf qubes-src/remote-desktop/rpm_spec/remote-desktop.spec.in.tmp
2021-02-05 22:25:48.421424 +0000 build-centos1: + '[' '%{SOURCE0}' = '%{SOURCE0}' ']'
2021-02-05 22:25:48.422371 +0000 build-centos1: ++ dirname /home/user/builder-r4.1/qubes-src/builder-rpm/scripts/query-spec
2021-02-05 22:25:48.425341 +0000 build-centos1: + /home/user/builder-r4.1/qubes-src/builder-rpm/scripts/../tools/spectool --list-files --source 0 /tmp/tmp.dwTWIw.spec
2021-02-05 22:25:48.719404 +0000 build-centos1: + rm -f /tmp/tmp.dwTWIw.spec
2021-02-05 22:25:53.682357 +0000 build-centos1: 
2021-02-05 22:25:53.683249 +0000 build-centos1: Makefile:816: update target 'internal-update-repo-current.vm.centos8' due to: internal-update-repo-current.vm.centos8.remote-desktop
2021-02-05 22:25:53.683365 +0000 build-centos1: true
2021-02-05 22:25:53.687318 +0000 build-centos1: Makefile:929: target 'post-update-repo-current' does not exist
2021-02-05 22:25:53.687389 +0000 build-centos1: true
2021-02-05 22:25:53.691459 +0000 build-centos1: Makefile:803: update target 'update-repo-current' due to: internal-update-repo-current.vm.centos8 post-update-repo-current
2021-02-05 22:25:53.691560 +0000 build-centos1: true
2021-02-05 22:25:53.696007 +0000 build-centos1: > done
2021-02-05 22:25:53.696710 +0000 > closing log
