2020-06-27 07:27:32.009222 +0000 > starting log
2020-06-27 07:27:32.010442 +0000 build-debian1: > starting build with log
2020-06-27 07:27:32.010528 +0000 build-debian1: >> make args: DISTS_VM=bullseye DIST_DOM0= qubes
2020-06-27 07:27:32.010583 +0000 build-debian1: >> MAKEFLAGS=
2020-06-27 07:27:32.010644 +0000 build-debian1: >> COMPONENTS=core-agent-linux-addon-bridge-device
2020-06-27 07:27:32.010693 +0000 build-debian1: >> DISTS_VM=
2020-06-27 07:27:32.010741 +0000 build-debian1: >> DIST_DOM0=
2020-06-27 07:27:32.010801 +0000 build-debian1: >> qubes-builder 138cc6fbca8c49d94b1e35a7f8898e85e0721113
2020-06-27 07:27:32.010872 +0000 build-debian1: >> qubes-builder/qubes-src/core-agent-linux-addon-bridge-device e6355e4c8541993e20e1a9186ec24ebc224101b1
2020-06-27 07:27:32.010943 +0000 build-debian1: ================================================================================
2020-06-27 07:27:32.011495 +0000 build-debian1:                            B U I L D   I N F O                                  
2020-06-27 07:27:32.011599 +0000 build-debian1: Items in red indicate it was automatically generated by configuration file(s)
2020-06-27 07:27:32.011670 +0000 build-debian1: Items in white indicate it was automatically removed by configuration file(s)
2020-06-27 07:27:32.011738 +0000 build-debian1: ================================================================================
2020-06-27 07:27:32.011794 +0000 build-debian1: DISTS_VM:
2020-06-27 07:27:32.011846 +0000 build-debian1:      stretch, buster, bullseye,
2020-06-27 07:27:32.011894 +0000 build-debian1: DISTS_ALL:
2020-06-27 07:27:32.011948 +0000 build-debian1:      vm-bullseye, vm-buster, vm-stretch,
2020-06-27 07:27:32.011995 +0000 build-debian1: DIST_DOM0:
2020-06-27 07:27:32.012039 +0000 build-debian1:     
2020-06-27 07:27:32.012087 +0000 build-debian1: BUILDER_PLUGINS:
2020-06-27 07:27:32.012146 +0000 build-debian1:      builder-debian, mgmt-salt, contrib-configs, builder-github,
2020-06-27 07:27:32.012193 +0000 build-debian1: COMPONENTS:
2020-06-27 07:27:32.012247 +0000 build-debian1:      core-agent-linux-addon-bridge-device,
2020-06-27 07:27:32.012294 +0000 build-debian1: GIT_REPOS:
2020-06-27 07:27:32.012417 +0000 build-debian1:      qubes-src/core-agent-linux-addon-bridge-device,
2020-06-27 07:27:32.012475 +0000 build-debian1: TEMPLATE:
2020-06-27 07:27:32.012520 +0000 build-debian1:     
2020-06-27 07:27:32.012568 +0000 build-debian1: TEMPLATE_FLAVOR_DIR:
2020-06-27 07:27:32.012612 +0000 build-debian1:     
2020-06-27 07:27:32.012659 +0000 build-debian1: TEMPLATE_ALIAS:
2020-06-27 07:27:32.012704 +0000 build-debian1:     
2020-06-27 07:27:32.012750 +0000 build-debian1: TEMPLATE_LABEL:
2020-06-27 07:27:32.012794 +0000 build-debian1:     
2020-06-27 07:27:32.012840 +0000 build-debian1: > running make
2020-06-27 07:27:32.012896 +0000 build-debian1: Makefile:1011: target 'build-info' does not exist
2020-06-27 07:27:32.012963 +0000 build-debian1: echo "================================================================================"
2020-06-27 07:27:32.013038 +0000 build-debian1: echo "                           B U I L D   I N F O                                  "
2020-06-27 07:27:32.013114 +0000 build-debian1: echo -e "Items in red indicate it was automatically generated by configuration file(s)"
2020-06-27 07:27:32.013188 +0000 build-debian1: echo -e "Items in white indicate it was automatically removed by configuration file(s)"
2020-06-27 07:27:32.013261 +0000 build-debian1: echo "================================================================================"
2020-06-27 07:27:32.013336 +0000 build-debian1: # (1): Item Color, (2): Label, (3): Item, (4): Original item used to compare if changed
2020-06-27 07:27:32.013467 +0000 build-debian1: echo -e "DISTS_VM:"; echo -e " bullseye," | fmt -w110  | sed -e 's/^/    /'
2020-06-27 07:27:32.013534 +0000 build-debian1: echo -e "DISTS_ALL:"; echo -e " vm-bullseye," | fmt -w110  | sed -e 's/^/    /'
2020-06-27 07:27:32.013596 +0000 build-debian1: echo -e "DIST_DOM0:"; echo -e " " | fmt -w110  | sed -e 's/^/    /'
2020-06-27 07:27:32.013725 +0000 build-debian1: echo -e "BUILDER_PLUGINS:"; echo -e " builder-debian, mgmt-salt, contrib-configs, builder-github," | fmt -w110  | sed -e 's/^/    /'
2020-06-27 07:27:32.013813 +0000 build-debian1: echo -e "COMPONENTS:"; echo -e " core-agent-linux-addon-bridge-device," | fmt -w110  | sed -e 's/^/    /'
2020-06-27 07:27:32.013892 +0000 build-debian1: echo -e "GIT_REPOS:"; echo -e " qubes-src/core-agent-linux-addon-bridge-device," | fmt -w110  | sed -e 's/^/    /'
2020-06-27 07:27:32.013955 +0000 build-debian1: echo -e "TEMPLATE:"; echo -e " " | fmt -w110  | sed -e 's/^/    /'
2020-06-27 07:27:32.014019 +0000 build-debian1: echo -e "TEMPLATE_FLAVOR_DIR:"; echo -e " " | fmt -w110  | sed -e 's/^/    /'
2020-06-27 07:27:32.014084 +0000 build-debian1: echo -e "TEMPLATE_ALIAS:"; echo -e " " | fmt -w110  | sed -e 's/^/    /'
2020-06-27 07:27:32.014146 +0000 build-debian1: echo -e "TEMPLATE_LABEL:"; echo -e " " | fmt -w110  | sed -e 's/^/    /'
2020-06-27 07:27:32.014205 +0000 build-debian1: for component in core-agent-linux-addon-bridge-device; do \
2020-06-27 07:27:32.014271 +0000 build-debian1: .component_env_var=`MAKEFLAGS= make -s get-var GET_VAR=ENV_${component//-/_}`; \
2020-06-27 07:27:32.014423 +0000 build-debian1: .if [ ! -z "$component_env_var" ]; then echo -e "ENV_${component//-/_}:"; echo -e " ${component_env_var}, """ | fmt -w110  | sed -e 's/^/    /'; fi; \
2020-06-27 07:27:32.014483 +0000 build-debian1: done
2020-06-27 07:27:32.014550 +0000 build-debian1: ================================================================================
2020-06-27 07:27:32.014617 +0000 build-debian1:                            B U I L D   I N F O                                  
2020-06-27 07:27:32.014683 +0000 build-debian1: Items in red indicate it was automatically generated by configuration file(s)
2020-06-27 07:27:32.014747 +0000 build-debian1: Items in white indicate it was automatically removed by configuration file(s)
2020-06-27 07:27:32.014814 +0000 build-debian1: ================================================================================
2020-06-27 07:27:32.014867 +0000 build-debian1: DISTS_VM:
2020-06-27 07:27:32.014914 +0000 build-debian1:      bullseye,
2020-06-27 07:27:32.014960 +0000 build-debian1: DISTS_ALL:
2020-06-27 07:27:32.015007 +0000 build-debian1:      vm-bullseye,
2020-06-27 07:27:32.015053 +0000 build-debian1: DIST_DOM0:
2020-06-27 07:27:32.015096 +0000 build-debian1:     
2020-06-27 07:27:32.015143 +0000 build-debian1: BUILDER_PLUGINS:
2020-06-27 07:27:32.015202 +0000 build-debian1:      builder-debian, mgmt-salt, contrib-configs, builder-github,
2020-06-27 07:27:32.015248 +0000 build-debian1: COMPONENTS:
2020-06-27 07:27:32.015302 +0000 build-debian1:      core-agent-linux-addon-bridge-device,
2020-06-27 07:27:32.015403 +0000 build-debian1: GIT_REPOS:
2020-06-27 07:27:32.015470 +0000 build-debian1:      qubes-src/core-agent-linux-addon-bridge-device,
2020-06-27 07:27:32.015516 +0000 build-debian1: TEMPLATE:
2020-06-27 07:27:32.015560 +0000 build-debian1:     
2020-06-27 07:27:32.015608 +0000 build-debian1: TEMPLATE_FLAVOR_DIR:
2020-06-27 07:27:32.015652 +0000 build-debian1:     
2020-06-27 07:27:32.015700 +0000 build-debian1: TEMPLATE_ALIAS:
2020-06-27 07:27:32.015744 +0000 build-debian1:     
2020-06-27 07:27:32.015791 +0000 build-debian1: TEMPLATE_LABEL:
2020-06-27 07:27:32.015835 +0000 build-debian1:     
2020-06-27 07:27:32.015892 +0000 build-debian1: Makefile:217: target 'check-depend.rpm' does not exist
2020-06-27 07:27:32.015999 +0000 build-debian1: echo "Currently installed dependencies:" && rpm -q --whatprovides createrepo_c debootstrap devscripts dpkg-dev git pbuilder perl-Digest-MD5 perl-Digest-SHA python3-pyyaml python3-sh rpm-build rpm-sign rpmdevtools wget || \
2020-06-27 07:27:32.016080 +0000 build-debian1: .{ echo "ERROR: call 'make install-deps' to install missing dependencies"; exit 1; }
2020-06-27 07:27:32.016137 +0000 build-debian1: Currently installed dependencies:
2020-06-27 07:27:32.016248 +0000 build-debian1: createrepo_c-0.15.11-1.fc31.x86_64
2020-06-27 07:27:32.016418 +0000 build-debian1: debootstrap-1.0.116-1.fc31.noarch
2020-06-27 07:27:32.016486 +0000 build-debian1: devscripts-2.19.6-2.fc31.x86_64
2020-06-27 07:27:32.016544 +0000 build-debian1: dpkg-dev-1.19.7-3.fc31.noarch
2020-06-27 07:27:32.016594 +0000 build-debian1: git-2.25.2-1.fc31.x86_64
2020-06-27 07:27:32.016644 +0000 build-debian1: pbuilder-0.230.4-2.fc31.noarch
2020-06-27 07:27:32.016696 +0000 build-debian1: perl-Digest-MD5-2.55-439.fc31.x86_64
2020-06-27 07:27:32.016748 +0000 build-debian1: perl-Digest-SHA-6.02-440.fc31.x86_64
2020-06-27 07:27:32.016800 +0000 build-debian1: python3-pyyaml-5.3.1-1.fc31.x86_64
2020-06-27 07:27:32.016858 +0000 build-debian1: python3-sh-1.12.14-13.fc31.noarch
2020-06-27 07:27:32.016909 +0000 build-debian1: rpm-build-4.15.1-2.fc31.x86_64
2020-06-27 07:27:32.016959 +0000 build-debian1: rpm-sign-4.15.1-2.fc31.x86_64
2020-06-27 07:27:32.017009 +0000 build-debian1: rpmdevtools-8.10-9.fc31.noarch
2020-06-27 07:27:32.017058 +0000 build-debian1: wget-1.20.3-2.fc31.x86_64
2020-06-27 07:27:32.017125 +0000 build-debian1: Makefile:239: update target 'core-agent-linux-addon-bridge-device-dom0' due to: check-depend
2020-06-27 07:27:32.017334 +0000 build-debian1: if [ -n "core-agent-linux-addon-bridge-device" -a "0" -ne 0 ]; then BRANCH=master; branch_var="BRANCH_core_agent_linux_addon_bridge_device"; [ -n "${!branch_var}" ] && BRANCH="${!branch_var}"; pushd qubes-src/core-agent-linux-addon-bridge-device > /dev/null; CURRENT_BRANCH=`git symbolic-ref --short HEAD 2>/dev/null || git describe --tags --exact-match HEAD`; if [ "$BRANCH" != "$CURRENT_BRANCH" ]; then echo "-> ERROR: Wrong branch $branch_var=$CURRENT_BRANCH (expected $BRANCH)"; exit 1; fi; popd > /dev/null; fi
2020-06-27 07:27:32.017480 +0000 build-debian1: Makefile:227: update target 'core-agent-linux-addon-bridge-device-vm' due to: check-depend
2020-06-27 07:27:32.017677 +0000 build-debian1: if [ -n "core-agent-linux-addon-bridge-device" -a "0" -ne 0 ]; then BRANCH=master; branch_var="BRANCH_core_agent_linux_addon_bridge_device"; [ -n "${!branch_var}" ] && BRANCH="${!branch_var}"; pushd qubes-src/core-agent-linux-addon-bridge-device > /dev/null; CURRENT_BRANCH=`git symbolic-ref --short HEAD 2>/dev/null || git describe --tags --exact-match HEAD`; if [ "$BRANCH" != "$CURRENT_BRANCH" ]; then echo "-> ERROR: Wrong branch $branch_var=$CURRENT_BRANCH (expected $BRANCH)"; exit 1; fi; popd > /dev/null; fi
2020-06-27 07:27:32.017751 +0000 build-debian1: if [ -r qubes-src/core-agent-linux-addon-bridge-device/Makefile.builder ]; then \
2020-06-27 07:27:32.017806 +0000 build-debian1: .for DIST in bullseye; do \
2020-06-27 07:27:32.017893 +0000 build-debian1: ..make --no-print-directory DIST=$DIST PACKAGE_SET=vm COMPONENT=core-agent-linux-addon-bridge-device ENV_COMPONENT= -f Makefile.generic all || exit 1; \
2020-06-27 07:27:32.017943 +0000 build-debian1: .done; \
2020-06-27 07:27:32.018014 +0000 build-debian1: elif [ -n "`make -n -s -C qubes-src/core-agent-linux-addon-bridge-device rpms-vm 2> /dev/null`" ]; then \
2020-06-27 07:27:32.018070 +0000 build-debian1:     for DIST in bullseye; do \
2020-06-27 07:27:32.018140 +0000 build-debian1:         MAKE_TARGET="rpms-vm" ./scripts/build $DIST core-agent-linux-addon-bridge-device || exit 1; \
2020-06-27 07:27:32.018219 +0000 build-debian1:     done; \
2020-06-27 07:27:32.018265 +0000 build-debian1: fi
2020-06-27 07:27:32.018326 +0000 build-debian1: Makefile.generic:151: target 'generic-prepare-chroot' does not exist
2020-06-27 07:27:32.018442 +0000 build-debian1: if [ "`id -u`" = 0 ]; then \
2020-06-27 07:27:32.018513 +0000 build-debian1: .echo "*******************************************************************************"; \
2020-06-27 07:27:32.018587 +0000 build-debian1: .echo "***                               ERROR                                      ***"; \
2020-06-27 07:27:32.018664 +0000 build-debian1: .echo "*** Start the build as normal user, it will use sudo (only) where necessary! ***"; \
2020-06-27 07:27:32.018775 +0000 build-debian1: .echo "***                                                                          ***"; \
2020-06-27 07:27:32.018865 +0000 build-debian1: .echo "*******************************************************************************"; \
2020-06-27 07:27:32.018938 +0000 build-debian1: .exit 1; \
2020-06-27 07:27:32.018988 +0000 build-debian1: fi
2020-06-27 07:27:32.019056 +0000 build-debian1: mkdir -p "/home/user/builder-r4.1/cache/bullseye"
2020-06-27 07:27:32.019110 +0000 build-debian1: if ! scripts/test-sane-mount .; then \
2020-06-27 07:27:32.019166 +0000 build-debian1: .mountpoint=$(scripts/find-mount-point .); \
2020-06-27 07:27:32.019234 +0000 build-debian1: .echo "*******************************************************************************"; \
2020-06-27 07:27:32.019301 +0000 build-debian1: .echo "***                               ERROR                                      ***"; \
2020-06-27 07:27:32.019435 +0000 build-debian1: .echo "*** Cannot create chroot because the current filesystem is mounted as nodev. ***"; \
2020-06-27 07:27:32.019524 +0000 build-debian1: .echo "*** Build Qubes on a different filesystem, or run 'make remount' to remount  ***"; \
2020-06-27 07:27:32.019587 +0000 build-debian1: .echo "*** $mountpoint with dev option."; \
2020-06-27 07:27:32.019652 +0000 build-debian1: .echo "***                                                                          ***"; \
2020-06-27 07:27:32.019727 +0000 build-debian1: .echo "*******************************************************************************"; \
2020-06-27 07:27:32.019782 +0000 build-debian1: .exit 1; \
2020-06-27 07:27:32.019826 +0000 build-debian1: fi
2020-06-27 07:27:32.019887 +0000 build-debian1: scripts/test-sane-mount: line 10: ./test-dev-null: Permission denied
2020-06-27 07:27:32.019952 +0000 build-debian1: *******************************************************************************
2020-06-27 07:27:32.020013 +0000 build-debian1: ***                               ERROR                                      ***
2020-06-27 07:27:32.020081 +0000 build-debian1: *** Cannot create chroot because the current filesystem is mounted as nodev. ***
2020-06-27 07:27:32.020155 +0000 build-debian1: *** Build Qubes on a different filesystem, or run 'make remount' to remount  ***
2020-06-27 07:27:32.020211 +0000 build-debian1: *** /home with dev option.
2020-06-27 07:27:32.020272 +0000 build-debian1: ***                                                                          ***
2020-06-27 07:27:32.020412 +0000 build-debian1: *******************************************************************************
2020-06-27 07:27:32.020487 +0000 build-debian1: make[1]: *** [Makefile.generic:153: generic-prepare-chroot] Error 1
2020-06-27 07:27:32.020577 +0000 build-debian1: make: *** [Makefile:227: core-agent-linux-addon-bridge-device-vm] Error 1
2020-06-27 07:27:32.020634 +0000 > closing log
