2020-06-27 07:25:40.823607 +0000 > starting log
2020-06-27 07:25:40.824719 +0000 build-fedora2: > starting build with log
2020-06-27 07:25:40.824800 +0000 build-fedora2: >> make args: DISTS_VM=fc30 DIST_DOM0= qubes
2020-06-27 07:25:40.824855 +0000 build-fedora2: >> MAKEFLAGS=
2020-06-27 07:25:40.824915 +0000 build-fedora2: >> COMPONENTS=core-agent-linux-addon-bridge-device
2020-06-27 07:25:40.824965 +0000 build-fedora2: >> DISTS_VM=
2020-06-27 07:25:40.825014 +0000 build-fedora2: >> DIST_DOM0=
2020-06-27 07:25:40.825073 +0000 build-fedora2: >> qubes-builder 138cc6fbca8c49d94b1e35a7f8898e85e0721113
2020-06-27 07:25:40.825146 +0000 build-fedora2: >> qubes-builder/qubes-src/core-agent-linux-addon-bridge-device e6355e4c8541993e20e1a9186ec24ebc224101b1
2020-06-27 07:25:40.825218 +0000 build-fedora2: ================================================================================
2020-06-27 07:25:40.825284 +0000 build-fedora2:                            B U I L D   I N F O                                  
2020-06-27 07:25:40.825417 +0000 build-fedora2: Items in red indicate it was automatically generated by configuration file(s)
2020-06-27 07:25:40.825497 +0000 build-fedora2: Items in white indicate it was automatically removed by configuration file(s)
2020-06-27 07:25:40.825565 +0000 build-fedora2: ================================================================================
2020-06-27 07:25:40.825616 +0000 build-fedora2: DISTS_VM:
2020-06-27 07:25:40.825667 +0000 build-fedora2:      fc29, fc30, fc31, f32,
2020-06-27 07:25:40.825714 +0000 build-fedora2: DISTS_ALL:
2020-06-27 07:25:40.825769 +0000 build-fedora2:      vm-f32, vm-fc29, vm-fc30, vm-fc31,
2020-06-27 07:25:40.825816 +0000 build-fedora2: DIST_DOM0:
2020-06-27 07:25:40.825861 +0000 build-fedora2:     
2020-06-27 07:25:40.825909 +0000 build-fedora2: BUILDER_PLUGINS:
2020-06-27 07:25:40.825969 +0000 build-fedora2:      builder-rpm, mgmt-salt, contrib-configs, builder-github,
2020-06-27 07:25:40.826016 +0000 build-fedora2: COMPONENTS:
2020-06-27 07:25:40.826071 +0000 build-fedora2:      core-agent-linux-addon-bridge-device,
2020-06-27 07:25:40.826118 +0000 build-fedora2: GIT_REPOS:
2020-06-27 07:25:40.826176 +0000 build-fedora2:      qubes-src/core-agent-linux-addon-bridge-device,
2020-06-27 07:25:40.826223 +0000 build-fedora2: TEMPLATE:
2020-06-27 07:25:40.826267 +0000 build-fedora2:     
2020-06-27 07:25:40.826317 +0000 build-fedora2: TEMPLATE_FLAVOR_DIR:
2020-06-27 07:25:40.826454 +0000 build-fedora2:     
2020-06-27 07:25:40.826511 +0000 build-fedora2: TEMPLATE_ALIAS:
2020-06-27 07:25:40.826558 +0000 build-fedora2:     
2020-06-27 07:25:40.826606 +0000 build-fedora2: TEMPLATE_LABEL:
2020-06-27 07:25:40.826651 +0000 build-fedora2:     
2020-06-27 07:25:40.826699 +0000 build-fedora2: > running make
2020-06-27 07:25:40.826755 +0000 build-fedora2: Makefile:1011: target 'build-info' does not exist
2020-06-27 07:25:40.826823 +0000 build-fedora2: echo "================================================================================"
2020-06-27 07:25:40.826889 +0000 build-fedora2: echo "                           B U I L D   I N F O                                  "
2020-06-27 07:25:40.826959 +0000 build-fedora2: echo -e "Items in red indicate it was automatically generated by configuration file(s)"
2020-06-27 07:25:40.827459 +0000 build-fedora2: echo -e "Items in white indicate it was automatically removed by configuration file(s)"
2020-06-27 07:25:40.827546 +0000 build-fedora2: echo "================================================================================"
2020-06-27 07:25:40.827616 +0000 build-fedora2: # (1): Item Color, (2): Label, (3): Item, (4): Original item used to compare if changed
2020-06-27 07:25:40.827682 +0000 build-fedora2: echo -e "DISTS_VM:"; echo -e " fc30," | fmt -w110  | sed -e 's/^/    /'
2020-06-27 07:25:40.827747 +0000 build-fedora2: echo -e "DISTS_ALL:"; echo -e " vm-fc30," | fmt -w110  | sed -e 's/^/    /'
2020-06-27 07:25:40.827810 +0000 build-fedora2: echo -e "DIST_DOM0:"; echo -e " " | fmt -w110  | sed -e 's/^/    /'
2020-06-27 07:25:40.827890 +0000 build-fedora2: echo -e "BUILDER_PLUGINS:"; echo -e " builder-rpm, mgmt-salt, contrib-configs, builder-github," | fmt -w110  | sed -e 's/^/    /'
2020-06-27 07:25:40.828011 +0000 build-fedora2: echo -e "COMPONENTS:"; echo -e " core-agent-linux-addon-bridge-device," | fmt -w110  | sed -e 's/^/    /'
2020-06-27 07:25:40.828108 +0000 build-fedora2: echo -e "GIT_REPOS:"; echo -e " qubes-src/core-agent-linux-addon-bridge-device," | fmt -w110  | sed -e 's/^/    /'
2020-06-27 07:25:40.828174 +0000 build-fedora2: echo -e "TEMPLATE:"; echo -e " " | fmt -w110  | sed -e 's/^/    /'
2020-06-27 07:25:40.828240 +0000 build-fedora2: echo -e "TEMPLATE_FLAVOR_DIR:"; echo -e " " | fmt -w110  | sed -e 's/^/    /'
2020-06-27 07:25:40.828336 +0000 build-fedora2: echo -e "TEMPLATE_ALIAS:"; echo -e " " | fmt -w110  | sed -e 's/^/    /'
2020-06-27 07:25:40.828471 +0000 build-fedora2: echo -e "TEMPLATE_LABEL:"; echo -e " " | fmt -w110  | sed -e 's/^/    /'
2020-06-27 07:25:40.828534 +0000 build-fedora2: for component in core-agent-linux-addon-bridge-device; do \
2020-06-27 07:25:40.828603 +0000 build-fedora2: .component_env_var=`MAKEFLAGS= make -s get-var GET_VAR=ENV_${component//-/_}`; \
2020-06-27 07:25:40.828694 +0000 build-fedora2: .if [ ! -z "$component_env_var" ]; then echo -e "ENV_${component//-/_}:"; echo -e " ${component_env_var}, """ | fmt -w110  | sed -e 's/^/    /'; fi; \
2020-06-27 07:25:40.828749 +0000 build-fedora2: done
2020-06-27 07:25:40.828815 +0000 build-fedora2: ================================================================================
2020-06-27 07:25:40.828879 +0000 build-fedora2:                            B U I L D   I N F O                                  
2020-06-27 07:25:40.828947 +0000 build-fedora2: Items in red indicate it was automatically generated by configuration file(s)
2020-06-27 07:25:40.829013 +0000 build-fedora2: Items in white indicate it was automatically removed by configuration file(s)
2020-06-27 07:25:40.829078 +0000 build-fedora2: ================================================================================
2020-06-27 07:25:40.829128 +0000 build-fedora2: DISTS_VM:
2020-06-27 07:25:40.829176 +0000 build-fedora2:      fc30,
2020-06-27 07:25:40.829224 +0000 build-fedora2: DISTS_ALL:
2020-06-27 07:25:40.829271 +0000 build-fedora2:      vm-fc30,
2020-06-27 07:25:40.829318 +0000 build-fedora2: DIST_DOM0:
2020-06-27 07:25:40.829427 +0000 build-fedora2:     
2020-06-27 07:25:40.829481 +0000 build-fedora2: BUILDER_PLUGINS:
2020-06-27 07:25:40.829543 +0000 build-fedora2:      builder-rpm, mgmt-salt, contrib-configs, builder-github,
2020-06-27 07:25:40.829591 +0000 build-fedora2: COMPONENTS:
2020-06-27 07:25:40.829647 +0000 build-fedora2:      core-agent-linux-addon-bridge-device,
2020-06-27 07:25:40.829695 +0000 build-fedora2: GIT_REPOS:
2020-06-27 07:25:40.829753 +0000 build-fedora2:      qubes-src/core-agent-linux-addon-bridge-device,
2020-06-27 07:25:40.829800 +0000 build-fedora2: TEMPLATE:
2020-06-27 07:25:40.829845 +0000 build-fedora2:     
2020-06-27 07:25:40.829894 +0000 build-fedora2: TEMPLATE_FLAVOR_DIR:
2020-06-27 07:25:40.829939 +0000 build-fedora2:     
2020-06-27 07:25:40.829987 +0000 build-fedora2: TEMPLATE_ALIAS:
2020-06-27 07:25:40.830032 +0000 build-fedora2:     
2020-06-27 07:25:40.830080 +0000 build-fedora2: TEMPLATE_LABEL:
2020-06-27 07:25:40.830125 +0000 build-fedora2:     
2020-06-27 07:25:40.830184 +0000 build-fedora2: Makefile:217: target 'check-depend.rpm' does not exist
2020-06-27 07:25:40.830325 +0000 build-fedora2: echo "Currently installed dependencies:" && rpm -q --whatprovides PyYAML createrepo_c git perl-Digest-MD5 perl-Digest-SHA python3-sh rpm-build rpm-sign rpmdevtools wget || \
2020-06-27 07:25:40.830488 +0000 build-fedora2: .{ echo "ERROR: call 'make install-deps' to install missing dependencies"; exit 1; }
2020-06-27 07:25:40.830549 +0000 build-fedora2: Currently installed dependencies:
2020-06-27 07:25:40.830601 +0000 build-fedora2: no package provides PyYAML
2020-06-27 07:25:40.830655 +0000 build-fedora2: createrepo_c-0.15.11-1.fc31.x86_64
2020-06-27 07:25:40.830748 +0000 build-fedora2: git-2.25.2-1.fc31.x86_64
2020-06-27 07:25:40.830810 +0000 build-fedora2: perl-Digest-MD5-2.55-439.fc31.x86_64
2020-06-27 07:25:40.830898 +0000 build-fedora2: perl-Digest-SHA-6.02-440.fc31.x86_64
2020-06-27 07:25:40.830958 +0000 build-fedora2: python3-sh-1.12.14-13.fc31.noarch
2020-06-27 07:25:40.831012 +0000 build-fedora2: rpm-build-4.15.1-2.fc31.x86_64
2020-06-27 07:25:40.831064 +0000 build-fedora2: rpm-sign-4.15.1-2.fc31.x86_64
2020-06-27 07:25:40.831115 +0000 build-fedora2: rpmdevtools-8.10-9.fc31.noarch
2020-06-27 07:25:40.831165 +0000 build-fedora2: wget-1.20.3-2.fc31.x86_64
2020-06-27 07:25:40.831225 +0000 build-fedora2: ERROR: call 'make install-deps' to install missing dependencies
2020-06-27 07:25:40.831283 +0000 build-fedora2: make: *** [Makefile:217: check-depend.rpm] Error 1
2020-06-27 07:25:40.831333 +0000 > closing log
