2021-03-18 10:18:49.171012 +0000 > starting log
2021-03-18 10:18:49.171276 +0000 build-fedora2: > starting build with log
2021-03-18 10:18:49.171286 +0000 build-fedora2: >> make args: update-repo-current
2021-03-18 10:18:49.171292 +0000 build-fedora2: >> MAKEFLAGS=
2021-03-18 10:18:49.171299 +0000 build-fedora2: >> COMPONENTS=remote-desktop
2021-03-18 10:18:49.171305 +0000 build-fedora2: >> DISTS_VM=fc32 fc33
2021-03-18 10:18:49.171310 +0000 build-fedora2: >> DIST_DOM0=
2021-03-18 10:18:49.171317 +0000 build-fedora2: >> qubes-builder ef676594f3e804a170b21da2fb8b2bb4474a7033
2021-03-18 10:18:49.171325 +0000 build-fedora2: >> qubes-builder/qubes-src/remote-desktop 1b1e55d54edc6bdeed2a1ea1a1f48fd0e587698a
2021-03-18 10:18:49.171333 +0000 build-fedora2: !! pkgs/vm-fc32/qubes-remote-desktop-4.0.3-1.fc32.src.rpm
2021-03-18 10:18:49.171340 +0000 build-fedora2: !! pkgs/vm-fc32/qubes-remote-desktop-4.0.3-1.fc32.x86_64.buildinfo
2021-03-18 10:18:49.171347 +0000 build-fedora2: !! pkgs/vm-fc32/qubes-remote-desktop-4.0.3-1.fc32.x86_64.rpm
2021-03-18 10:18:49.171354 +0000 build-fedora2: !! pkgs/vm-fc32/remote-desktop.spec.list
2021-03-18 10:18:49.171361 +0000 build-fedora2: !! pkgs/vm-fc33/qubes-remote-desktop-4.0.3-1.fc33.src.rpm
2021-03-18 10:18:49.171368 +0000 build-fedora2: !! pkgs/vm-fc33/qubes-remote-desktop-4.0.3-1.fc33.x86_64.buildinfo
2021-03-18 10:18:49.171375 +0000 build-fedora2: !! pkgs/vm-fc33/qubes-remote-desktop-4.0.3-1.fc33.x86_64.rpm
2021-03-18 10:18:49.171381 +0000 build-fedora2: !! pkgs/vm-fc33/remote-desktop.spec.list
2021-03-18 10:18:49.171395 +0000 build-fedora2: 0825ef90e6a11bfc9d191ccc0f15f97375b93c04ac7574521feda761bf662db1bea5de850fa6513bcbf95d1be98cccabffecef03b058dd742c07b37590808668  pkgs/vm-fc32/qubes-remote-desktop-4.0.3-1.fc32.src.rpm
2021-03-18 10:18:49.171409 +0000 build-fedora2: a5f5db1b21e4f442646fc9116dc1fa9e99d78eb063df24d473676c1339210f07cec663d13f833cf0845d5bbf17c89136fb29da064b993c7988a8750ac706463b  pkgs/vm-fc32/qubes-remote-desktop-4.0.3-1.fc32.x86_64.buildinfo
2021-03-18 10:18:49.171422 +0000 build-fedora2: 63b9896eb564f6c6d09310df41dbd75d2b5cf5f1d3e20aed70261122a8bf1d6ac0ec8d8587ef1428da0a5b110c7dc7dd15b27ce39947ea93514f987f26ce8d99  pkgs/vm-fc32/qubes-remote-desktop-4.0.3-1.fc32.x86_64.rpm
2021-03-18 10:18:49.171433 +0000 build-fedora2: d0e07dc990f5c89252e54023f02e7979841aa5f16a341c87b0e75fda6d03c900cc9a7c21f7babd2ca2c4dfb6ab70f8271e35ae681b586dc832de235e85adc725  pkgs/vm-fc32/remote-desktop.spec.list
2021-03-18 10:18:49.171446 +0000 build-fedora2: a77c5233e35f06df1ff872c6c29349420663dc1cd76c7680d0d48295b2fa1fb9078f9e9adaf86f4a624ef18937c0a3662b28142e8134e041e52c194ecfb3778e  pkgs/vm-fc33/qubes-remote-desktop-4.0.3-1.fc33.src.rpm
2021-03-18 10:18:49.171459 +0000 build-fedora2: 0e61659c98eecace4a8fbac820fe14cc84aebbb09d67683253a9abe58c94c585b4c9cee7e3d1ba8d962fe92b5b94c98f9e66a2934aaa3f1281867b8d3329d37c  pkgs/vm-fc33/qubes-remote-desktop-4.0.3-1.fc33.x86_64.buildinfo
2021-03-18 10:18:49.171471 +0000 build-fedora2: 33667806a3bcedd4f6df8675ad8f1c2e83b7fd9378f30c561d047084a31c8d3511a1326e5c38e34bcf919dfbba1e711e04099bc356613887ba9223cae9b04944  pkgs/vm-fc33/qubes-remote-desktop-4.0.3-1.fc33.x86_64.rpm
2021-03-18 10:18:49.171483 +0000 build-fedora2: 323037a83b4a697c60b4bf2351119f4c92f2c094e419d02286f4d4409c74dabffb3ac916ef7175f29c0e532192c073a2b5ce7a9be7f65b959645710a4e337355  pkgs/vm-fc33/remote-desktop.spec.list
2021-03-18 10:18:49.171491 +0000 build-fedora2: ================================================================================
2021-03-18 10:18:49.171499 +0000 build-fedora2:                            B U I L D   I N F O                                  
2021-03-18 10:18:49.171507 +0000 build-fedora2: Items in red indicate it was automatically generated by configuration file(s)
2021-03-18 10:18:49.171515 +0000 build-fedora2: Items in white indicate it was automatically removed by configuration file(s)
2021-03-18 10:18:49.171523 +0000 build-fedora2: ================================================================================
2021-03-18 10:18:49.171527 +0000 build-fedora2: DISTS_VM:
2021-03-18 10:18:49.171536 +0000 build-fedora2:      fc32, fc33,
2021-03-18 10:18:49.171541 +0000 build-fedora2: DISTS_ALL:
2021-03-18 10:18:49.171547 +0000 build-fedora2:      vm-fc32, vm-fc33,
2021-03-18 10:18:49.171552 +0000 build-fedora2: DIST_DOM0:
2021-03-18 10:18:49.171556 +0000 build-fedora2:     
2021-03-18 10:18:49.171562 +0000 build-fedora2: BUILDER_PLUGINS:
2021-03-18 10:18:49.171569 +0000 build-fedora2:      builder-rpm, mgmt-salt, contrib-configs, builder-github,
2021-03-18 10:18:49.171574 +0000 build-fedora2: COMPONENTS:
2021-03-18 10:18:49.171579 +0000 build-fedora2:      remote-desktop,
2021-03-18 10:18:49.171584 +0000 build-fedora2: GIT_REPOS:
2021-03-18 10:18:49.171589 +0000 build-fedora2:      qubes-src/remote-desktop,
2021-03-18 10:18:49.171594 +0000 build-fedora2: TEMPLATE:
2021-03-18 10:18:49.171599 +0000 build-fedora2:     
2021-03-18 10:18:49.171604 +0000 build-fedora2: TEMPLATE_FLAVOR_DIR:
2021-03-18 10:18:49.171609 +0000 build-fedora2:     
2021-03-18 10:18:49.171614 +0000 build-fedora2: TEMPLATE_ALIAS:
2021-03-18 10:18:49.171618 +0000 build-fedora2:     
2021-03-18 10:18:49.171623 +0000 build-fedora2: TEMPLATE_LABEL:
2021-03-18 10:18:49.171628 +0000 build-fedora2:     
2021-03-18 10:18:49.171633 +0000 build-fedora2: > running make
2021-03-18 10:18:49.171641 +0000 build-fedora2: Makefile:899: target 'internal-update-repo-current.vm.fc32.remote-desktop' does not exist
2021-03-18 10:18:49.171646 +0000 build-fedora2: true
2021-03-18 10:18:49.171656 +0000 build-fedora2: Makefile:816: update target 'internal-update-repo-current.vm.fc32' due to: internal-update-repo-current.vm.fc32.remote-desktop
2021-03-18 10:18:49.171660 +0000 build-fedora2: true
2021-03-18 10:18:49.171669 +0000 build-fedora2: Makefile:899: target 'internal-update-repo-current.vm.fc33.remote-desktop' does not exist
2021-03-18 10:18:49.171673 +0000 build-fedora2: true
2021-03-18 10:18:49.171683 +0000 build-fedora2: Makefile:816: update target 'internal-update-repo-current.vm.fc33' due to: internal-update-repo-current.vm.fc33.remote-desktop
2021-03-18 10:18:49.171688 +0000 build-fedora2: true
2021-03-18 10:18:49.171695 +0000 build-fedora2: Makefile:907: target 'post-update-repo-current' does not exist
2021-03-18 10:18:49.171701 +0000 build-fedora2: for dist in  fc32 fc33; do \
2021-03-18 10:18:49.171708 +0000 build-fedora2: .repo_base_var="LINUX_REPO_${dist}_BASEDIR"; \
2021-03-18 10:18:49.171714 +0000 build-fedora2: .if [ -n "${!repo_base_var}" ]; then \
2021-03-18 10:18:49.171720 +0000 build-fedora2: ..repo_basedir="${!repo_base_var}"; \
2021-03-18 10:18:49.171725 +0000 build-fedora2: .else \
2021-03-18 10:18:49.171731 +0000 build-fedora2: ..repo_basedir="qubes-src/linux-yum/r4.1"; \
2021-03-18 10:18:49.171736 +0000 build-fedora2: .fi; \
2021-03-18 10:18:49.171743 +0000 build-fedora2: .repos_to_update="$repos_to_update $repo_basedir"; \
2021-03-18 10:18:49.171747 +0000 build-fedora2: done; \
2021-03-18 10:18:49.171752 +0000 build-fedora2: pkgset_dist= ; \
2021-03-18 10:18:49.171758 +0000 build-fedora2: for dist in ; do \
2021-03-18 10:18:49.171764 +0000 build-fedora2: .pkgset_dist="$pkgset_dist dom0/$dist"; \
2021-03-18 10:18:49.171769 +0000 build-fedora2: done; \
2021-03-18 10:18:49.171774 +0000 build-fedora2: for dist in fc32 fc33; do \
2021-03-18 10:18:49.171780 +0000 build-fedora2: .pkgset_dist="$pkgset_dist vm/$dist"; \
2021-03-18 10:18:49.171785 +0000 build-fedora2: done; \
2021-03-18 10:18:49.171792 +0000 build-fedora2: for repo in `echo $repos_to_update|tr ' ' '\n'|sort|uniq`; do \
2021-03-18 10:18:49.171798 +0000 build-fedora2: .[ -z "$repo" ] && continue; \
2021-03-18 10:18:49.171805 +0000 build-fedora2: .[ -x "$repo/../update_repo-current.sh" ] || continue; \
2021-03-18 10:18:49.171815 +0000 build-fedora2: .(cd $repo/.. && ./update_repo-current.sh r4.1 $pkgset_dist); \
2021-03-18 10:18:49.171820 +0000 build-fedora2: done
2021-03-18 10:18:49.171832 +0000 build-fedora2: which: no mkmetalink in (/home/user/.local/bin:/home/user/bin:/usr/local/sbin:/usr/local/bin:/usr/sbin:/usr/bin:/home/user/builder-r4.1/qubes-src/builder-rpm/tools)
2021-03-18 10:18:49.205545 +0000 build-fedora2: --> Processing repo: r4.1/current/dom0/fc25...
2021-03-18 10:18:49.897484 +0000 build-fedora2: --> Processing repo: r4.1/current/dom0/fc31...
2021-03-18 10:18:50.287085 +0000 build-fedora2: --> Processing repo: r4.1/current/dom0/fc32...
2021-03-18 10:18:50.613268 +0000 build-fedora2: --> Processing repo: r4.1/current/vm/centos7...
2021-03-18 10:18:50.783914 +0000 build-fedora2: --> Processing repo: r4.1/current/vm/centos8...
2021-03-18 10:18:51.231498 +0000 build-fedora2: --> Processing repo: r4.1/current/vm/fc29...
2021-03-18 10:18:51.384412 +0000 build-fedora2: --> Processing repo: r4.1/current/vm/fc30...
2021-03-18 10:18:51.532918 +0000 build-fedora2: --> Processing repo: r4.1/current/vm/fc31...
2021-03-18 10:18:51.573049 +0000 build-fedora2: warning: Found bdb Packages database while attempting sqlite backend: using bdb backend.
2021-03-18 10:18:52.115582 +0000 build-fedora2: --> Processing repo: r4.1/current/vm/fc32...
2021-03-18 10:18:52.159119 +0000 build-fedora2: warning: Found bdb Packages database while attempting sqlite backend: using bdb backend.
2021-03-18 10:18:52.484130 +0000 build-fedora2: --> Processing repo: r4.1/current/vm/fc33...
2021-03-18 10:18:52.505016 +0000 build-fedora2: warning: Found bdb Packages database while attempting sqlite backend: using bdb backend.
2021-03-18 10:18:52.803701 +0000 build-fedora2: Done.
2021-03-18 10:18:52.805843 +0000 build-fedora2: ~/builder-r4.1/qubes-src/linux-yum ~/builder-r4.1/qubes-src/linux-yum
2021-03-18 10:18:52.806593 +0000 build-fedora2: Syncing r4.1...
2021-03-18 10:18:53.390164 +0000 build-fedora2: sending incremental file list
2021-03-18 10:18:53.648667 +0000 build-fedora2: .d..t...... current-testing/
2021-03-18 10:18:53.648711 +0000 build-fedora2: .d..t...... current-testing/dom0/
2021-03-18 10:18:53.648719 +0000 build-fedora2: .d..t...... current-testing/dom0/fc25/
2021-03-18 10:18:53.648728 +0000 build-fedora2: .L..t...... current-testing/dom0/fc25/comps.xml -> ../../../comps-dom0.xml
2021-03-18 10:18:53.648734 +0000 build-fedora2: .d..t...... current-testing/dom0/fc25/rpm/
2021-03-18 10:18:53.648741 +0000 build-fedora2: <f..t...... current-testing/dom0/fc25/rpm/.gitignore
2021-03-18 10:18:53.649091 +0000 build-fedora2: .              6 100%    0.00kB/s    0:00:00  .              6 100%    0.00kB/s    0:00:00 (xfr#1, to-chk=240/252)
2021-03-18 10:18:53.649099 +0000 build-fedora2: .d..t...... current-testing/dom0/fc29/
2021-03-18 10:18:53.649105 +0000 build-fedora2: .d..t...... current-testing/dom0/fc31/
2021-03-18 10:18:53.649113 +0000 build-fedora2: .L..t...... current-testing/dom0/fc31/comps.xml -> ../../../comps-dom0.xml
2021-03-18 10:18:53.649119 +0000 build-fedora2: .d..t...... current-testing/dom0/fc31/rpm/
2021-03-18 10:18:53.649126 +0000 build-fedora2: <f..t...... current-testing/dom0/fc31/rpm/.gitignore
2021-03-18 10:18:53.669408 +0000 build-fedora2: .              6 100%    0.29kB/s    0:00:00  .              6 100%    0.29kB/s    0:00:00 (xfr#2, to-chk=236/252)
2021-03-18 10:18:53.669428 +0000 build-fedora2: .d..t...... current-testing/dom0/fc32/
2021-03-18 10:18:53.669436 +0000 build-fedora2: .L..t...... current-testing/dom0/fc32/comps.xml -> ../../../comps-dom0.xml
2021-03-18 10:18:53.669443 +0000 build-fedora2: .d..t...... current-testing/dom0/fc32/rpm/
2021-03-18 10:18:53.669450 +0000 build-fedora2: <f..t...... current-testing/dom0/fc32/rpm/.gitignore
2021-03-18 10:18:53.669457 +0000 build-fedora2: .              0 100%    0.00kB/s    0:00:00 (xfr#3, to-chk=233/252)
2021-03-18 10:18:53.669463 +0000 build-fedora2: .d..t...... current-testing/vm/
2021-03-18 10:18:53.669469 +0000 build-fedora2: .d..t...... current-testing/vm/centos7/
2021-03-18 10:18:53.669477 +0000 build-fedora2: .L..t...... current-testing/vm/centos7/comps.xml -> ../../../comps-vm.xml
2021-03-18 10:18:53.669483 +0000 build-fedora2: .d..t...... current-testing/vm/centos7/rpm/
2021-03-18 10:18:53.669504 +0000 build-fedora2: <f..t...... current-testing/vm/centos7/rpm/.gitignore
2021-03-18 10:18:53.669873 +0000 build-fedora2: .              6 100%    0.29kB/s    0:00:00  .              6 100%    0.29kB/s    0:00:00 (xfr#4, to-chk=223/252)
2021-03-18 10:18:53.669880 +0000 build-fedora2: .d..t...... current-testing/vm/centos8/
2021-03-18 10:18:53.669888 +0000 build-fedora2: .L..t...... current-testing/vm/centos8/comps.xml -> ../../../comps-vm.xml
2021-03-18 10:18:53.669894 +0000 build-fedora2: .d..t...... current-testing/vm/centos8/rpm/
2021-03-18 10:18:53.669901 +0000 build-fedora2: <f..t...... current-testing/vm/centos8/rpm/.gitignore
2021-03-18 10:18:53.669908 +0000 build-fedora2: .              0 100%    0.00kB/s    0:00:00 (xfr#5, to-chk=220/252)
2021-03-18 10:18:53.669914 +0000 build-fedora2: .d..t...... current-testing/vm/fc29/
2021-03-18 10:18:53.669921 +0000 build-fedora2: .L..t...... current-testing/vm/fc29/comps.xml -> ../../../comps-vm.xml
2021-03-18 10:18:53.669927 +0000 build-fedora2: .d..t...... current-testing/vm/fc29/rpm/
2021-03-18 10:18:53.669934 +0000 build-fedora2: <f..t...... current-testing/vm/fc29/rpm/.gitignore
2021-03-18 10:18:53.671575 +0000 build-fedora2: .              6 100%    0.27kB/s    0:00:00  .              6 100%    0.27kB/s    0:00:00 (xfr#6, to-chk=217/252)
2021-03-18 10:18:53.671592 +0000 build-fedora2: .d..t...... current-testing/vm/fc30/
2021-03-18 10:18:53.671602 +0000 build-fedora2: .L..t...... current-testing/vm/fc30/comps.xml -> ../../../comps-vm.xml
2021-03-18 10:18:53.671608 +0000 build-fedora2: .d..t...... current-testing/vm/fc30/rpm/
2021-03-18 10:18:53.671615 +0000 build-fedora2: <f..t...... current-testing/vm/fc30/rpm/.gitignore
2021-03-18 10:18:53.671746 +0000 build-fedora2: .              6 100%    0.27kB/s    0:00:00  .              6 100%    0.27kB/s    0:00:00 (xfr#7, to-chk=204/252)
2021-03-18 10:18:53.671753 +0000 build-fedora2: .d..t...... current-testing/vm/fc31/
2021-03-18 10:18:53.671761 +0000 build-fedora2: .L..t...... current-testing/vm/fc31/comps.xml -> ../../../comps-vm.xml
2021-03-18 10:18:53.671767 +0000 build-fedora2: .d..t...... current-testing/vm/fc31/rpm/
2021-03-18 10:18:53.671774 +0000 build-fedora2: <f..t...... current-testing/vm/fc31/rpm/.gitignore
2021-03-18 10:18:53.671781 +0000 build-fedora2: .              0 100%    0.00kB/s    0:00:00 (xfr#8, to-chk=191/252)
2021-03-18 10:18:53.671787 +0000 build-fedora2: .d..t...... current-testing/vm/fc32/
2021-03-18 10:18:53.671795 +0000 build-fedora2: .L..t...... current-testing/vm/fc32/comps.xml -> ../../../comps-vm.xml
2021-03-18 10:18:53.671801 +0000 build-fedora2: .d..t...... current-testing/vm/fc32/rpm/
2021-03-18 10:18:53.671810 +0000 build-fedora2: <f..t...... current-testing/vm/fc32/rpm/.gitignore
2021-03-18 10:18:53.671818 +0000 build-fedora2: .              0 100%    0.00kB/s    0:00:00 (xfr#9, to-chk=168/252)
2021-03-18 10:18:53.671824 +0000 build-fedora2: .d..t...... current-testing/vm/fc33/
2021-03-18 10:18:53.671831 +0000 build-fedora2: .L..t...... current-testing/vm/fc33/comps.xml -> ../../../comps-vm.xml
2021-03-18 10:18:53.671837 +0000 build-fedora2: .d..t...... current-testing/vm/fc33/rpm/
2021-03-18 10:18:53.671843 +0000 build-fedora2: <f..t...... current-testing/vm/fc33/rpm/.gitignore
2021-03-18 10:18:53.671851 +0000 build-fedora2: .              0 100%    0.00kB/s    0:00:00 (xfr#10, to-chk=139/252)
2021-03-18 10:18:53.671856 +0000 build-fedora2: .d..t...... current/
2021-03-18 10:18:53.671862 +0000 build-fedora2: .d..t...... current/dom0/
2021-03-18 10:18:53.671868 +0000 build-fedora2: .d..t...... current/dom0/fc25/
2021-03-18 10:18:53.671875 +0000 build-fedora2: .L..t...... current/dom0/fc25/comps.xml -> ../../../comps-dom0.xml
2021-03-18 10:18:53.671881 +0000 build-fedora2: .d..t...... current/dom0/fc25/rpm/
2021-03-18 10:18:53.671887 +0000 build-fedora2: <f..t...... current/dom0/fc25/rpm/.gitignore
2021-03-18 10:18:53.679593 +0000 build-fedora2: .              6 100%    0.20kB/s    0:00:00  .              6 100%    0.20kB/s    0:00:00 (xfr#11, to-chk=108/252)
2021-03-18 10:18:53.679615 +0000 build-fedora2: .d..t...... current/dom0/fc31/
2021-03-18 10:18:53.679624 +0000 build-fedora2: .L..t...... current/dom0/fc31/comps.xml -> ../../../comps-dom0.xml
2021-03-18 10:18:53.679630 +0000 build-fedora2: .d..t...... current/dom0/fc31/rpm/
2021-03-18 10:18:53.679636 +0000 build-fedora2: <f..t...... current/dom0/fc31/rpm/.gitignore
2021-03-18 10:18:53.729795 +0000 build-fedora2: .              6 100%    0.07kB/s    0:00:00  .              6 100%    0.07kB/s    0:00:00 (xfr#12, to-chk=105/252)
2021-03-18 10:18:53.729819 +0000 build-fedora2: .d..t...... current/dom0/fc32/
2021-03-18 10:18:53.729828 +0000 build-fedora2: .L..t...... current/dom0/fc32/comps.xml -> ../../../comps-dom0.xml
2021-03-18 10:18:53.729835 +0000 build-fedora2: .d..t...... current/dom0/fc32/rpm/
2021-03-18 10:18:53.729843 +0000 build-fedora2: <f..t...... current/dom0/fc32/rpm/.gitignore
2021-03-18 10:18:53.729855 +0000 build-fedora2: .              0 100%    0.00kB/s    0:00:00 (xfr#13, to-chk=102/252)
2021-03-18 10:18:53.729861 +0000 build-fedora2: .d..t...... current/vm/
2021-03-18 10:18:53.729868 +0000 build-fedora2: .d..t...... current/vm/centos7/
2021-03-18 10:18:53.729881 +0000 build-fedora2: .L..t...... current/vm/centos7/comps.xml -> ../../../comps-vm.xml
2021-03-18 10:18:53.729888 +0000 build-fedora2: .d..t...... current/vm/centos7/rpm/
2021-03-18 10:18:53.729895 +0000 build-fedora2: <f..t...... current/vm/centos7/rpm/.gitignore
2021-03-18 10:18:53.730377 +0000 build-fedora2: .              6 100%    0.07kB/s    0:00:00  .              6 100%    0.07kB/s    0:00:00 (xfr#14, to-chk=92/252)
2021-03-18 10:18:53.730384 +0000 build-fedora2: .d..t...... current/vm/centos8/
2021-03-18 10:18:53.730391 +0000 build-fedora2: .L..t...... current/vm/centos8/comps.xml -> ../../../comps-vm.xml
2021-03-18 10:18:53.730397 +0000 build-fedora2: .d..t...... current/vm/centos8/rpm/
2021-03-18 10:18:53.730404 +0000 build-fedora2: <f..t...... current/vm/centos8/rpm/.gitignore
2021-03-18 10:18:53.730411 +0000 build-fedora2: .              0 100%    0.00kB/s    0:00:00 (xfr#15, to-chk=89/252)
2021-03-18 10:18:53.730419 +0000 build-fedora2: .d..t...... current/vm/fc29/
2021-03-18 10:18:53.730426 +0000 build-fedora2: .L..t...... current/vm/fc29/comps.xml -> ../../../comps-vm.xml
2021-03-18 10:18:53.730432 +0000 build-fedora2: .d..t...... current/vm/fc29/rpm/
2021-03-18 10:18:53.730438 +0000 build-fedora2: <f..t...... current/vm/fc29/rpm/.gitignore
2021-03-18 10:18:53.730691 +0000 build-fedora2: .              6 100%    0.07kB/s    0:00:00  .              6 100%    0.07kB/s    0:00:00 (xfr#16, to-chk=86/252)
2021-03-18 10:18:53.730730 +0000 build-fedora2: .d..t...... current/vm/fc30/
2021-03-18 10:18:53.730740 +0000 build-fedora2: .L..t...... current/vm/fc30/comps.xml -> ../../../comps-vm.xml
2021-03-18 10:18:53.730747 +0000 build-fedora2: .d..t...... current/vm/fc30/rpm/
2021-03-18 10:18:53.730753 +0000 build-fedora2: <f..t...... current/vm/fc30/rpm/.gitignore
2021-03-18 10:18:53.730770 +0000 build-fedora2: .              6 100%    0.07kB/s    0:00:00  .              6 100%    0.07kB/s    0:00:00 (xfr#17, to-chk=83/252)
2021-03-18 10:18:53.730776 +0000 build-fedora2: .d..t...... current/vm/fc31/
2021-03-18 10:18:53.730783 +0000 build-fedora2: .L..t...... current/vm/fc31/comps.xml -> ../../../comps-vm.xml
2021-03-18 10:18:53.730789 +0000 build-fedora2: .d..t...... current/vm/fc31/rpm/
2021-03-18 10:18:53.730795 +0000 build-fedora2: <f..t...... current/vm/fc31/rpm/.gitignore
2021-03-18 10:18:53.730805 +0000 build-fedora2: .              0 100%    0.00kB/s    0:00:00 (xfr#18, to-chk=80/252)
2021-03-18 10:18:53.730811 +0000 build-fedora2: .d..t...... current/vm/fc32/
2021-03-18 10:18:53.730819 +0000 build-fedora2: .L..t...... current/vm/fc32/comps.xml -> ../../../comps-vm.xml
2021-03-18 10:18:53.730826 +0000 build-fedora2: .d..t...... current/vm/fc32/rpm/
2021-03-18 10:18:53.730835 +0000 build-fedora2: <f..t...... current/vm/fc32/rpm/.gitignore
2021-03-18 10:18:53.730862 +0000 build-fedora2: .              0 100%    0.00kB/s    0:00:00 (xfr#19, to-chk=66/252)
2021-03-18 10:18:53.730876 +0000 build-fedora2: hf+++++++++ current/vm/fc32/rpm/qubes-remote-desktop-4.0.3-1.fc32.src.rpm => current-testing/vm/fc32/rpm/qubes-remote-desktop-4.0.3-1.fc32.src.rpm
2021-03-18 10:18:53.730889 +0000 build-fedora2: hf+++++++++ current/vm/fc32/rpm/qubes-remote-desktop-4.0.3-1.fc32.x86_64.buildinfo => current-testing/vm/fc32/rpm/qubes-remote-desktop-4.0.3-1.fc32.x86_64.buildinfo
2021-03-18 10:18:53.730900 +0000 build-fedora2: hf+++++++++ current/vm/fc32/rpm/qubes-remote-desktop-4.0.3-1.fc32.x86_64.rpm => current-testing/vm/fc32/rpm/qubes-remote-desktop-4.0.3-1.fc32.x86_64.rpm
2021-03-18 10:18:53.730906 +0000 build-fedora2: .d..t...... current/vm/fc33/
2021-03-18 10:18:53.730915 +0000 build-fedora2: .L..t...... current/vm/fc33/comps.xml -> ../../../comps-vm.xml
2021-03-18 10:18:53.730921 +0000 build-fedora2: .d..t...... current/vm/fc33/rpm/
2021-03-18 10:18:53.730927 +0000 build-fedora2: <f..t...... current/vm/fc33/rpm/.gitignore
2021-03-18 10:18:53.730935 +0000 build-fedora2: .              0 100%    0.00kB/s    0:00:00 (xfr#20, to-chk=49/252)
2021-03-18 10:18:53.730947 +0000 build-fedora2: hf+++++++++ current/vm/fc33/rpm/qubes-remote-desktop-4.0.3-1.fc33.src.rpm => current-testing/vm/fc33/rpm/qubes-remote-desktop-4.0.3-1.fc33.src.rpm
2021-03-18 10:18:53.730959 +0000 build-fedora2: hf+++++++++ current/vm/fc33/rpm/qubes-remote-desktop-4.0.3-1.fc33.x86_64.buildinfo => current-testing/vm/fc33/rpm/qubes-remote-desktop-4.0.3-1.fc33.x86_64.buildinfo
2021-03-18 10:18:53.730970 +0000 build-fedora2: hf+++++++++ current/vm/fc33/rpm/qubes-remote-desktop-4.0.3-1.fc33.x86_64.rpm => current-testing/vm/fc33/rpm/qubes-remote-desktop-4.0.3-1.fc33.x86_64.rpm
2021-03-18 10:18:53.730976 +0000 build-fedora2: .d..t...... security-testing/
2021-03-18 10:18:53.730984 +0000 build-fedora2: .d..t...... security-testing/dom0/
2021-03-18 10:18:53.730990 +0000 build-fedora2: .d..t...... security-testing/dom0/fc25/
2021-03-18 10:18:53.730996 +0000 build-fedora2: .d..t...... security-testing/dom0/fc25/rpm/
2021-03-18 10:18:53.731003 +0000 build-fedora2: <f..t...... security-testing/dom0/fc25/rpm/.gitignore
2021-03-18 10:18:53.731161 +0000 build-fedora2: .              6 100%    0.07kB/s    0:00:00  .              6 100%    0.07kB/s    0:00:00 (xfr#21, to-chk=32/252)
2021-03-18 10:18:53.731169 +0000 build-fedora2: .d..t...... security-testing/dom0/fc31/
2021-03-18 10:18:53.731175 +0000 build-fedora2: .d..t...... security-testing/dom0/fc31/rpm/
2021-03-18 10:18:53.731182 +0000 build-fedora2: <f..t...... security-testing/dom0/fc31/rpm/.gitignore
2021-03-18 10:18:53.731278 +0000 build-fedora2: .              6 100%    0.07kB/s    0:00:00  .              6 100%    0.07kB/s    0:00:00 (xfr#22, to-chk=30/252)
2021-03-18 10:18:53.731284 +0000 build-fedora2: .d..t...... security-testing/dom0/fc32/
2021-03-18 10:18:53.731292 +0000 build-fedora2: .L..t...... security-testing/dom0/fc32/comps.xml -> ../../../comps-dom0.xml
2021-03-18 10:18:53.731298 +0000 build-fedora2: .d..t...... security-testing/dom0/fc32/rpm/
2021-03-18 10:18:53.731305 +0000 build-fedora2: <f..t...... security-testing/dom0/fc32/rpm/.gitignore
2021-03-18 10:18:53.731312 +0000 build-fedora2: .              0 100%    0.00kB/s    0:00:00 (xfr#23, to-chk=27/252)
2021-03-18 10:18:53.731318 +0000 build-fedora2: .d..t...... security-testing/vm/
2021-03-18 10:18:53.731324 +0000 build-fedora2: .d..t...... security-testing/vm/centos7/
2021-03-18 10:18:53.731332 +0000 build-fedora2: .L..t...... security-testing/vm/centos7/comps.xml -> ../../../comps-vm.xml
2021-03-18 10:18:53.731338 +0000 build-fedora2: .d..t...... security-testing/vm/centos7/rpm/
2021-03-18 10:18:53.731344 +0000 build-fedora2: <f..t...... security-testing/vm/centos7/rpm/.gitignore
2021-03-18 10:18:53.731396 +0000 build-fedora2: .              6 100%    0.07kB/s    0:00:00  .              6 100%    0.07kB/s    0:00:00 (xfr#24, to-chk=17/252)
2021-03-18 10:18:53.731407 +0000 build-fedora2: .d..t...... security-testing/vm/centos8/
2021-03-18 10:18:53.731414 +0000 build-fedora2: .L..t...... security-testing/vm/centos8/comps.xml -> ../../../comps-vm.xml
2021-03-18 10:18:53.731421 +0000 build-fedora2: .d..t...... security-testing/vm/centos8/rpm/
2021-03-18 10:18:53.731427 +0000 build-fedora2: <f..t...... security-testing/vm/centos8/rpm/.gitignore
2021-03-18 10:18:53.731435 +0000 build-fedora2: .              0 100%    0.00kB/s    0:00:00 (xfr#25, to-chk=14/252)
2021-03-18 10:18:53.731441 +0000 build-fedora2: .d..t...... security-testing/vm/fc29/
2021-03-18 10:18:53.731447 +0000 build-fedora2: .d..t...... security-testing/vm/fc29/rpm/
2021-03-18 10:18:53.731453 +0000 build-fedora2: <f..t...... security-testing/vm/fc29/rpm/.gitignore
2021-03-18 10:18:53.731502 +0000 build-fedora2: .              6 100%    0.07kB/s    0:00:00  .              6 100%    0.07kB/s    0:00:00 (xfr#26, to-chk=12/252)
2021-03-18 10:18:53.731509 +0000 build-fedora2: .d..t...... security-testing/vm/fc30/
2021-03-18 10:18:53.731517 +0000 build-fedora2: .L..t...... security-testing/vm/fc30/comps.xml -> ../../../comps-vm.xml
2021-03-18 10:18:53.731523 +0000 build-fedora2: .d..t...... security-testing/vm/fc30/rpm/
2021-03-18 10:18:53.731529 +0000 build-fedora2: <f..t...... security-testing/vm/fc30/rpm/.gitignore
2021-03-18 10:18:53.731614 +0000 build-fedora2: .              6 100%    0.07kB/s    0:00:00  .              6 100%    0.07kB/s    0:00:00 (xfr#27, to-chk=9/252)
2021-03-18 10:18:53.731621 +0000 build-fedora2: .d..t...... security-testing/vm/fc31/
2021-03-18 10:18:53.731628 +0000 build-fedora2: .L..t...... security-testing/vm/fc31/comps.xml -> ../../../comps-vm.xml
2021-03-18 10:18:53.731634 +0000 build-fedora2: .d..t...... security-testing/vm/fc31/rpm/
2021-03-18 10:18:53.731641 +0000 build-fedora2: <f..t...... security-testing/vm/fc31/rpm/.gitignore
2021-03-18 10:18:53.731648 +0000 build-fedora2: .              0 100%    0.00kB/s    0:00:00 (xfr#28, to-chk=6/252)
2021-03-18 10:18:53.731654 +0000 build-fedora2: .d..t...... security-testing/vm/fc32/
2021-03-18 10:18:53.731661 +0000 build-fedora2: .L..t...... security-testing/vm/fc32/comps.xml -> ../../../comps-vm.xml
2021-03-18 10:18:53.731668 +0000 build-fedora2: .d..t...... security-testing/vm/fc32/rpm/
2021-03-18 10:18:53.731674 +0000 build-fedora2: <f..t...... security-testing/vm/fc32/rpm/.gitignore
2021-03-18 10:18:53.731681 +0000 build-fedora2: .              0 100%    0.00kB/s    0:00:00 (xfr#29, to-chk=3/252)
2021-03-18 10:18:53.731687 +0000 build-fedora2: .d..t...... security-testing/vm/fc33/
2021-03-18 10:18:53.731695 +0000 build-fedora2: .L..t...... security-testing/vm/fc33/comps.xml -> ../../../comps-vm.xml
2021-03-18 10:18:53.731701 +0000 build-fedora2: .d..t...... security-testing/vm/fc33/rpm/
2021-03-18 10:18:53.731707 +0000 build-fedora2: <f..t...... security-testing/vm/fc33/rpm/.gitignore
2021-03-18 10:18:53.731714 +0000 build-fedora2: .              0 100%    0.00kB/s    0:00:00 (xfr#30, to-chk=0/252)
2021-03-18 10:18:54.195728 +0000 build-fedora2: --> Processing repo: r4.1/current/dom0/fc25...
2021-03-18 10:18:54.308553 +0000 build-fedora2: 10:18:54: posix_spawn avoided (fd close requested) 
2021-03-18 10:18:54.313709 +0000 build-fedora2: 10:18:54: posix_spawn avoided (fd close requested) 
2021-03-18 10:18:54.318668 +0000 build-fedora2: 10:18:54: posix_spawn avoided (fd close requested) 
2021-03-18 10:18:54.326285 +0000 build-fedora2: 10:18:54: posix_spawn avoided (fd close requested) 
2021-03-18 10:18:54.337807 +0000 build-fedora2: --> Processing repo: r4.1/current/dom0/fc29...
2021-03-18 10:18:54.449693 +0000 build-fedora2: 10:18:54: posix_spawn avoided (fd close requested) 
2021-03-18 10:18:54.454892 +0000 build-fedora2: 10:18:54: posix_spawn avoided (fd close requested) 
2021-03-18 10:18:54.459636 +0000 build-fedora2: 10:18:54: posix_spawn avoided (fd close requested) 
2021-03-18 10:18:54.467251 +0000 build-fedora2: 10:18:54: posix_spawn avoided (fd close requested) 
2021-03-18 10:18:54.478595 +0000 build-fedora2: --> Processing repo: r4.1/current/dom0/fc31...
2021-03-18 10:18:54.586966 +0000 build-fedora2: 10:18:54: posix_spawn avoided (fd close requested) 
2021-03-18 10:18:54.591819 +0000 build-fedora2: 10:18:54: posix_spawn avoided (fd close requested) 
2021-03-18 10:18:54.597000 +0000 build-fedora2: 10:18:54: posix_spawn avoided (fd close requested) 
2021-03-18 10:18:54.605085 +0000 build-fedora2: 10:18:54: posix_spawn avoided (fd close requested) 
2021-03-18 10:18:54.616400 +0000 build-fedora2: --> Processing repo: r4.1/current/dom0/fc32...
2021-03-18 10:18:54.872688 +0000 build-fedora2: 10:18:55: posix_spawn avoided (fd close requested) 
2021-03-18 10:18:54.877885 +0000 build-fedora2: 10:18:55: posix_spawn avoided (fd close requested) 
2021-03-18 10:18:54.883281 +0000 build-fedora2: 10:18:55: posix_spawn avoided (fd close requested) 
2021-03-18 10:18:54.891324 +0000 build-fedora2: 10:18:55: posix_spawn avoided (fd close requested) 
2021-03-18 10:18:54.904371 +0000 build-fedora2: --> Processing repo: r4.1/current/vm/centos7...
2021-03-18 10:18:55.031787 +0000 build-fedora2: 10:18:55: posix_spawn avoided (fd close requested) 
2021-03-18 10:18:55.037158 +0000 build-fedora2: 10:18:55: posix_spawn avoided (fd close requested) 
2021-03-18 10:18:55.041938 +0000 build-fedora2: 10:18:55: posix_spawn avoided (fd close requested) 
2021-03-18 10:18:55.049506 +0000 build-fedora2: 10:18:55: posix_spawn avoided (fd close requested) 
2021-03-18 10:18:55.061146 +0000 build-fedora2: --> Processing repo: r4.1/current/vm/centos8...
2021-03-18 10:18:55.326237 +0000 build-fedora2: 10:18:55: posix_spawn avoided (fd close requested) 
2021-03-18 10:18:55.331410 +0000 build-fedora2: 10:18:55: posix_spawn avoided (fd close requested) 
2021-03-18 10:18:55.336964 +0000 build-fedora2: 10:18:55: posix_spawn avoided (fd close requested) 
2021-03-18 10:18:55.345416 +0000 build-fedora2: 10:18:55: posix_spawn avoided (fd close requested) 
2021-03-18 10:18:55.358091 +0000 build-fedora2: --> Processing repo: r4.1/current/vm/fc29...
2021-03-18 10:18:55.486087 +0000 build-fedora2: 10:18:55: posix_spawn avoided (fd close requested) 
2021-03-18 10:18:55.491103 +0000 build-fedora2: 10:18:55: posix_spawn avoided (fd close requested) 
2021-03-18 10:18:55.496267 +0000 build-fedora2: 10:18:55: posix_spawn avoided (fd close requested) 
2021-03-18 10:18:55.503776 +0000 build-fedora2: 10:18:55: posix_spawn avoided (fd close requested) 
2021-03-18 10:18:55.515426 +0000 build-fedora2: --> Processing repo: r4.1/current/vm/fc30...
2021-03-18 10:18:55.641385 +0000 build-fedora2: 10:18:55: posix_spawn avoided (fd close requested) 
2021-03-18 10:18:55.646547 +0000 build-fedora2: 10:18:55: posix_spawn avoided (fd close requested) 
2021-03-18 10:18:55.651698 +0000 build-fedora2: 10:18:55: posix_spawn avoided (fd close requested) 
2021-03-18 10:18:55.659434 +0000 build-fedora2: 10:18:55: posix_spawn avoided (fd close requested) 
2021-03-18 10:18:55.671288 +0000 build-fedora2: --> Processing repo: r4.1/current/vm/fc31...
2021-03-18 10:18:55.817123 +0000 build-fedora2: 10:18:56: posix_spawn avoided (fd close requested) 
2021-03-18 10:18:55.822242 +0000 build-fedora2: 10:18:56: posix_spawn avoided (fd close requested) 
2021-03-18 10:18:55.827724 +0000 build-fedora2: 10:18:56: posix_spawn avoided (fd close requested) 
2021-03-18 10:18:55.835445 +0000 build-fedora2: 10:18:56: posix_spawn avoided (fd close requested) 
2021-03-18 10:18:55.847413 +0000 build-fedora2: --> Processing repo: r4.1/current/vm/fc32...
2021-03-18 10:18:56.003409 +0000 build-fedora2: 10:18:56: posix_spawn avoided (fd close requested) 
2021-03-18 10:18:56.008720 +0000 build-fedora2: 10:18:56: posix_spawn avoided (fd close requested) 
2021-03-18 10:18:56.013805 +0000 build-fedora2: 10:18:56: posix_spawn avoided (fd close requested) 
2021-03-18 10:18:56.021594 +0000 build-fedora2: 10:18:56: posix_spawn avoided (fd close requested) 
2021-03-18 10:18:56.033638 +0000 build-fedora2: --> Processing repo: r4.1/current/vm/fc33...
2021-03-18 10:18:56.184283 +0000 build-fedora2: 10:18:56: posix_spawn avoided (fd close requested) 
2021-03-18 10:18:56.193613 +0000 build-fedora2: 10:18:56: posix_spawn avoided (fd close requested) 
2021-03-18 10:18:56.198970 +0000 build-fedora2: 10:18:56: posix_spawn avoided (fd close requested) 
2021-03-18 10:18:56.206770 +0000 build-fedora2: 10:18:56: posix_spawn avoided (fd close requested) 
2021-03-18 10:18:56.218665 +0000 build-fedora2: Done.
2021-03-18 10:18:56.331674 +0000 build-fedora2: --> Processing repo: r4.1/current-testing/dom0/fc25...
2021-03-18 10:18:56.440088 +0000 build-fedora2: 10:18:56: posix_spawn avoided (fd close requested) 
2021-03-18 10:18:56.445020 +0000 build-fedora2: 10:18:56: posix_spawn avoided (fd close requested) 
2021-03-18 10:18:56.450239 +0000 build-fedora2: 10:18:56: posix_spawn avoided (fd close requested) 
2021-03-18 10:18:56.458154 +0000 build-fedora2: 10:18:56: posix_spawn avoided (fd close requested) 
2021-03-18 10:18:56.469951 +0000 build-fedora2: --> Processing repo: r4.1/current-testing/dom0/fc29...
2021-03-18 10:18:56.598516 +0000 build-fedora2: 10:18:56: posix_spawn avoided (fd close requested) 
2021-03-18 10:18:56.603387 +0000 build-fedora2: 10:18:56: posix_spawn avoided (fd close requested) 
2021-03-18 10:18:56.608490 +0000 build-fedora2: 10:18:56: posix_spawn avoided (fd close requested) 
2021-03-18 10:18:56.615827 +0000 build-fedora2: 10:18:56: posix_spawn avoided (fd close requested) 
2021-03-18 10:18:56.627510 +0000 build-fedora2: --> Processing repo: r4.1/current-testing/dom0/fc31...
2021-03-18 10:18:56.954651 +0000 build-fedora2: 10:18:57: posix_spawn avoided (fd close requested) 
2021-03-18 10:18:56.960047 +0000 build-fedora2: 10:18:57: posix_spawn avoided (fd close requested) 
2021-03-18 10:18:56.965287 +0000 build-fedora2: 10:18:57: posix_spawn avoided (fd close requested) 
2021-03-18 10:18:56.973830 +0000 build-fedora2: 10:18:57: posix_spawn avoided (fd close requested) 
2021-03-18 10:18:56.987040 +0000 build-fedora2: --> Processing repo: r4.1/current-testing/dom0/fc32...
2021-03-18 10:18:57.249852 +0000 build-fedora2: 10:18:57: posix_spawn avoided (fd close requested) 
2021-03-18 10:18:57.255591 +0000 build-fedora2: 10:18:57: posix_spawn avoided (fd close requested) 
2021-03-18 10:18:57.261381 +0000 build-fedora2: 10:18:57: posix_spawn avoided (fd close requested) 
2021-03-18 10:18:57.269874 +0000 build-fedora2: 10:18:57: posix_spawn avoided (fd close requested) 
2021-03-18 10:18:57.282855 +0000 build-fedora2: --> Processing repo: r4.1/current-testing/vm/centos7...
2021-03-18 10:18:57.424865 +0000 build-fedora2: 10:18:57: posix_spawn avoided (fd close requested) 
2021-03-18 10:18:57.429245 +0000 build-fedora2: 10:18:57: posix_spawn avoided (fd close requested) 
2021-03-18 10:18:57.434540 +0000 build-fedora2: 10:18:57: posix_spawn avoided (fd close requested) 
2021-03-18 10:18:57.442529 +0000 build-fedora2: 10:18:57: posix_spawn avoided (fd close requested) 
2021-03-18 10:18:57.455161 +0000 build-fedora2: --> Processing repo: r4.1/current-testing/vm/centos8...
2021-03-18 10:18:57.717260 +0000 build-fedora2: 10:18:57: posix_spawn avoided (fd close requested) 
2021-03-18 10:18:57.722281 +0000 build-fedora2: 10:18:57: posix_spawn avoided (fd close requested) 
2021-03-18 10:18:57.727511 +0000 build-fedora2: 10:18:57: posix_spawn avoided (fd close requested) 
2021-03-18 10:18:57.735990 +0000 build-fedora2: 10:18:57: posix_spawn avoided (fd close requested) 
2021-03-18 10:18:57.748951 +0000 build-fedora2: --> Processing repo: r4.1/current-testing/vm/fc29...
2021-03-18 10:18:58.003686 +0000 build-fedora2: 10:18:58: posix_spawn avoided (fd close requested) 
2021-03-18 10:18:58.008776 +0000 build-fedora2: 10:18:58: posix_spawn avoided (fd close requested) 
2021-03-18 10:18:58.021080 +0000 build-fedora2: 10:18:58: posix_spawn avoided (fd close requested) 
2021-03-18 10:18:58.022130 +0000 build-fedora2: 10:18:58: posix_spawn avoided (fd close requested) 
2021-03-18 10:18:58.035148 +0000 build-fedora2: --> Processing repo: r4.1/current-testing/vm/fc30...
2021-03-18 10:18:58.367767 +0000 build-fedora2: 10:18:58: posix_spawn avoided (fd close requested) 
2021-03-18 10:18:58.374765 +0000 build-fedora2: 10:18:58: posix_spawn avoided (fd close requested) 
2021-03-18 10:18:58.380446 +0000 build-fedora2: 10:18:58: posix_spawn avoided (fd close requested) 
2021-03-18 10:18:58.388667 +0000 build-fedora2: 10:18:58: posix_spawn avoided (fd close requested) 
2021-03-18 10:18:58.402926 +0000 build-fedora2: --> Processing repo: r4.1/current-testing/vm/fc31...
2021-03-18 10:18:58.750034 +0000 build-fedora2: 10:18:58: posix_spawn avoided (fd close requested) 
2021-03-18 10:18:58.755418 +0000 build-fedora2: 10:18:58: posix_spawn avoided (fd close requested) 
2021-03-18 10:18:58.760910 +0000 build-fedora2: 10:18:58: posix_spawn avoided (fd close requested) 
2021-03-18 10:18:58.769419 +0000 build-fedora2: 10:18:58: posix_spawn avoided (fd close requested) 
2021-03-18 10:18:58.783624 +0000 build-fedora2: --> Processing repo: r4.1/current-testing/vm/fc32...
2021-03-18 10:18:59.045533 +0000 build-fedora2: 10:18:59: posix_spawn avoided (fd close requested) 
2021-03-18 10:18:59.050802 +0000 build-fedora2: 10:18:59: posix_spawn avoided (fd close requested) 
2021-03-18 10:18:59.056061 +0000 build-fedora2: 10:18:59: posix_spawn avoided (fd close requested) 
2021-03-18 10:18:59.064645 +0000 build-fedora2: 10:18:59: posix_spawn avoided (fd close requested) 
2021-03-18 10:18:59.077913 +0000 build-fedora2: --> Processing repo: r4.1/current-testing/vm/fc33...
2021-03-18 10:18:59.345891 +0000 build-fedora2: 10:18:59: posix_spawn avoided (fd close requested) 
2021-03-18 10:18:59.351177 +0000 build-fedora2: 10:18:59: posix_spawn avoided (fd close requested) 
2021-03-18 10:18:59.356488 +0000 build-fedora2: 10:18:59: posix_spawn avoided (fd close requested) 
2021-03-18 10:18:59.364770 +0000 build-fedora2: 10:18:59: posix_spawn avoided (fd close requested) 
2021-03-18 10:18:59.377729 +0000 build-fedora2: Done.
2021-03-18 10:18:59.492496 +0000 build-fedora2: --> Processing repo: r4.1/security-testing/dom0/fc25...
2021-03-18 10:18:59.603323 +0000 build-fedora2: 10:18:59: posix_spawn avoided (fd close requested) 
2021-03-18 10:18:59.608481 +0000 build-fedora2: 10:18:59: posix_spawn avoided (fd close requested) 
2021-03-18 10:18:59.613604 +0000 build-fedora2: 10:18:59: posix_spawn avoided (fd close requested) 
2021-03-18 10:18:59.621231 +0000 build-fedora2: 10:18:59: posix_spawn avoided (fd close requested) 
2021-03-18 10:18:59.632891 +0000 build-fedora2: --> Processing repo: r4.1/security-testing/dom0/fc29...
2021-03-18 10:18:59.742527 +0000 build-fedora2: 10:18:59: posix_spawn avoided (fd close requested) 
2021-03-18 10:18:59.747578 +0000 build-fedora2: 10:18:59: posix_spawn avoided (fd close requested) 
2021-03-18 10:18:59.752765 +0000 build-fedora2: 10:18:59: posix_spawn avoided (fd close requested) 
2021-03-18 10:18:59.760788 +0000 build-fedora2: 10:18:59: posix_spawn avoided (fd close requested) 
2021-03-18 10:18:59.772443 +0000 build-fedora2: --> Processing repo: r4.1/security-testing/dom0/fc31...
2021-03-18 10:18:59.880970 +0000 build-fedora2: 10:19:00: posix_spawn avoided (fd close requested) 
2021-03-18 10:18:59.886071 +0000 build-fedora2: 10:19:00: posix_spawn avoided (fd close requested) 
2021-03-18 10:18:59.891337 +0000 build-fedora2: 10:19:00: posix_spawn avoided (fd close requested) 
2021-03-18 10:18:59.898898 +0000 build-fedora2: 10:19:00: posix_spawn avoided (fd close requested) 
