2020-06-27 07:27:40.014885 +0000 > starting log
2020-06-27 07:27:40.016064 +0000 build-fedora2: > starting build with log
2020-06-27 07:27:40.016147 +0000 build-fedora2: >> make args: DISTS_VM=fc30 DIST_DOM0= qubes
2020-06-27 07:27:40.016204 +0000 build-fedora2: >> MAKEFLAGS=
2020-06-27 07:27:40.016266 +0000 build-fedora2: >> COMPONENTS=core-agent-linux-addon-bridge-device
2020-06-27 07:27:40.016317 +0000 build-fedora2: >> DISTS_VM=
2020-06-27 07:27:40.016454 +0000 build-fedora2: >> DIST_DOM0=
2020-06-27 07:27:40.016525 +0000 build-fedora2: >> qubes-builder 138cc6fbca8c49d94b1e35a7f8898e85e0721113
2020-06-27 07:27:40.016602 +0000 build-fedora2: >> qubes-builder/qubes-src/core-agent-linux-addon-bridge-device e6355e4c8541993e20e1a9186ec24ebc224101b1
2020-06-27 07:27:40.016675 +0000 build-fedora2: ================================================================================
2020-06-27 07:27:40.016744 +0000 build-fedora2:                            B U I L D   I N F O                                  
2020-06-27 07:27:40.016814 +0000 build-fedora2: Items in red indicate it was automatically generated by configuration file(s)
2020-06-27 07:27:40.016882 +0000 build-fedora2: Items in white indicate it was automatically removed by configuration file(s)
2020-06-27 07:27:40.016950 +0000 build-fedora2: ================================================================================
2020-06-27 07:27:40.017001 +0000 build-fedora2: DISTS_VM:
2020-06-27 07:27:40.017054 +0000 build-fedora2:      fc29, fc30, fc31, f32,
2020-06-27 07:27:40.017103 +0000 build-fedora2: DISTS_ALL:
2020-06-27 07:27:40.017159 +0000 build-fedora2:      vm-f32, vm-fc29, vm-fc30, vm-fc31,
2020-06-27 07:27:40.017207 +0000 build-fedora2: DIST_DOM0:
2020-06-27 07:27:40.017253 +0000 build-fedora2:     
2020-06-27 07:27:40.017303 +0000 build-fedora2: BUILDER_PLUGINS:
2020-06-27 07:27:40.017434 +0000 build-fedora2:      builder-rpm, mgmt-salt, contrib-configs, builder-github,
2020-06-27 07:27:40.017496 +0000 build-fedora2: COMPONENTS:
2020-06-27 07:27:40.017554 +0000 build-fedora2:      core-agent-linux-addon-bridge-device,
2020-06-27 07:27:40.017602 +0000 build-fedora2: GIT_REPOS:
2020-06-27 07:27:40.017662 +0000 build-fedora2:      qubes-src/core-agent-linux-addon-bridge-device,
2020-06-27 07:27:40.017710 +0000 build-fedora2: TEMPLATE:
2020-06-27 07:27:40.017756 +0000 build-fedora2:     
2020-06-27 07:27:40.017806 +0000 build-fedora2: TEMPLATE_FLAVOR_DIR:
2020-06-27 07:27:40.017852 +0000 build-fedora2:     
2020-06-27 07:27:40.017901 +0000 build-fedora2: TEMPLATE_ALIAS:
2020-06-27 07:27:40.017947 +0000 build-fedora2:     
2020-06-27 07:27:40.017995 +0000 build-fedora2: TEMPLATE_LABEL:
2020-06-27 07:27:40.018042 +0000 build-fedora2:     
2020-06-27 07:27:40.018091 +0000 build-fedora2: > running make
2020-06-27 07:27:40.018149 +0000 build-fedora2: Makefile:1011: target 'build-info' does not exist
2020-06-27 07:27:40.018219 +0000 build-fedora2: echo "================================================================================"
2020-06-27 07:27:40.018286 +0000 build-fedora2: echo "                           B U I L D   I N F O                                  "
2020-06-27 07:27:40.018415 +0000 build-fedora2: echo -e "Items in red indicate it was automatically generated by configuration file(s)"
2020-06-27 07:27:40.018499 +0000 build-fedora2: echo -e "Items in white indicate it was automatically removed by configuration file(s)"
2020-06-27 07:27:40.018760 +0000 build-fedora2: echo "================================================================================"
2020-06-27 07:27:40.018865 +0000 build-fedora2: # (1): Item Color, (2): Label, (3): Item, (4): Original item used to compare if changed
2020-06-27 07:27:40.019432 +0000 build-fedora2: echo -e "DISTS_VM:"; echo -e " fc30," | fmt -w110  | sed -e 's/^/    /'
2020-06-27 07:27:40.019571 +0000 build-fedora2: echo -e "DISTS_ALL:"; echo -e " vm-fc30," | fmt -w110  | sed -e 's/^/    /'
2020-06-27 07:27:40.019647 +0000 build-fedora2: echo -e "DIST_DOM0:"; echo -e " " | fmt -w110  | sed -e 's/^/    /'
2020-06-27 07:27:40.019736 +0000 build-fedora2: echo -e "BUILDER_PLUGINS:"; echo -e " builder-rpm, mgmt-salt, contrib-configs, builder-github," | fmt -w110  | sed -e 's/^/    /'
2020-06-27 07:27:40.019861 +0000 build-fedora2: echo -e "COMPONENTS:"; echo -e " core-agent-linux-addon-bridge-device," | fmt -w110  | sed -e 's/^/    /'
2020-06-27 07:27:40.019951 +0000 build-fedora2: echo -e "GIT_REPOS:"; echo -e " qubes-src/core-agent-linux-addon-bridge-device," | fmt -w110  | sed -e 's/^/    /'
2020-06-27 07:27:40.020019 +0000 build-fedora2: echo -e "TEMPLATE:"; echo -e " " | fmt -w110  | sed -e 's/^/    /'
2020-06-27 07:27:40.020087 +0000 build-fedora2: echo -e "TEMPLATE_FLAVOR_DIR:"; echo -e " " | fmt -w110  | sed -e 's/^/    /'
2020-06-27 07:27:40.020152 +0000 build-fedora2: echo -e "TEMPLATE_ALIAS:"; echo -e " " | fmt -w110  | sed -e 's/^/    /'
2020-06-27 07:27:40.020217 +0000 build-fedora2: echo -e "TEMPLATE_LABEL:"; echo -e " " | fmt -w110  | sed -e 's/^/    /'
2020-06-27 07:27:40.020305 +0000 build-fedora2: for component in core-agent-linux-addon-bridge-device; do \
2020-06-27 07:27:40.020451 +0000 build-fedora2: .component_env_var=`MAKEFLAGS= make -s get-var GET_VAR=ENV_${component//-/_}`; \
2020-06-27 07:27:40.020552 +0000 build-fedora2: .if [ ! -z "$component_env_var" ]; then echo -e "ENV_${component//-/_}:"; echo -e " ${component_env_var}, """ | fmt -w110  | sed -e 's/^/    /'; fi; \
2020-06-27 07:27:40.020606 +0000 build-fedora2: done
2020-06-27 07:27:40.020673 +0000 build-fedora2: ================================================================================
2020-06-27 07:27:40.020739 +0000 build-fedora2:                            B U I L D   I N F O                                  
2020-06-27 07:27:40.020808 +0000 build-fedora2: Items in red indicate it was automatically generated by configuration file(s)
2020-06-27 07:27:40.020875 +0000 build-fedora2: Items in white indicate it was automatically removed by configuration file(s)
2020-06-27 07:27:40.020943 +0000 build-fedora2: ================================================================================
2020-06-27 07:27:40.020995 +0000 build-fedora2: DISTS_VM:
2020-06-27 07:27:40.021043 +0000 build-fedora2:      fc30,
2020-06-27 07:27:40.021090 +0000 build-fedora2: DISTS_ALL:
2020-06-27 07:27:40.021139 +0000 build-fedora2:      vm-fc30,
2020-06-27 07:27:40.021188 +0000 build-fedora2: DIST_DOM0:
2020-06-27 07:27:40.021234 +0000 build-fedora2:     
2020-06-27 07:27:40.021283 +0000 build-fedora2: BUILDER_PLUGINS:
2020-06-27 07:27:40.021405 +0000 build-fedora2:      builder-rpm, mgmt-salt, contrib-configs, builder-github,
2020-06-27 07:27:40.021467 +0000 build-fedora2: COMPONENTS:
2020-06-27 07:27:40.021525 +0000 build-fedora2:      core-agent-linux-addon-bridge-device,
2020-06-27 07:27:40.021573 +0000 build-fedora2: GIT_REPOS:
2020-06-27 07:27:40.021632 +0000 build-fedora2:      qubes-src/core-agent-linux-addon-bridge-device,
2020-06-27 07:27:40.021679 +0000 build-fedora2: TEMPLATE:
2020-06-27 07:27:40.021725 +0000 build-fedora2:     
2020-06-27 07:27:40.021775 +0000 build-fedora2: TEMPLATE_FLAVOR_DIR:
2020-06-27 07:27:40.021820 +0000 build-fedora2:     
2020-06-27 07:27:40.021869 +0000 build-fedora2: TEMPLATE_ALIAS:
2020-06-27 07:27:40.021915 +0000 build-fedora2:     
2020-06-27 07:27:40.021963 +0000 build-fedora2: TEMPLATE_LABEL:
2020-06-27 07:27:40.022008 +0000 build-fedora2:     
2020-06-27 07:27:40.022068 +0000 build-fedora2: Makefile:217: target 'check-depend.rpm' does not exist
2020-06-27 07:27:40.022165 +0000 build-fedora2: echo "Currently installed dependencies:" && rpm -q --whatprovides PyYAML createrepo_c git perl-Digest-MD5 perl-Digest-SHA python3-sh rpm-build rpm-sign rpmdevtools wget || \
2020-06-27 07:27:40.022239 +0000 build-fedora2: .{ echo "ERROR: call 'make install-deps' to install missing dependencies"; exit 1; }
2020-06-27 07:27:40.022296 +0000 build-fedora2: Currently installed dependencies:
2020-06-27 07:27:40.022423 +0000 build-fedora2: no package provides PyYAML
2020-06-27 07:27:40.022491 +0000 build-fedora2: createrepo_c-0.15.11-1.fc31.x86_64
2020-06-27 07:27:40.022587 +0000 build-fedora2: git-2.25.2-1.fc31.x86_64
2020-06-27 07:27:40.022651 +0000 build-fedora2: perl-Digest-MD5-2.55-439.fc31.x86_64
2020-06-27 07:27:40.022743 +0000 build-fedora2: perl-Digest-SHA-6.02-440.fc31.x86_64
2020-06-27 07:27:40.022802 +0000 build-fedora2: python3-sh-1.12.14-13.fc31.noarch
2020-06-27 07:27:40.022856 +0000 build-fedora2: rpm-build-4.15.1-2.fc31.x86_64
2020-06-27 07:27:40.022910 +0000 build-fedora2: rpm-sign-4.15.1-2.fc31.x86_64
2020-06-27 07:27:40.022963 +0000 build-fedora2: rpmdevtools-8.10-9.fc31.noarch
2020-06-27 07:27:40.023015 +0000 build-fedora2: wget-1.20.3-2.fc31.x86_64
2020-06-27 07:27:40.023076 +0000 build-fedora2: ERROR: call 'make install-deps' to install missing dependencies
2020-06-27 07:27:40.023136 +0000 build-fedora2: make: *** [Makefile:217: check-depend.rpm] Error 1
2020-06-27 07:27:40.023187 +0000 > closing log
