2021-06-23 07:51:18.390757 +0000 > starting log
2021-06-23 07:51:18.391034 +0000 build-fedora2: > starting build with log
2021-06-23 07:51:18.391046 +0000 build-fedora2: >> make args: DISTS_VM=fc34 DIST_DOM0= qubes
2021-06-23 07:51:18.391053 +0000 build-fedora2: >> MAKEFLAGS=
2021-06-23 07:51:18.391059 +0000 build-fedora2: >> COMPONENTS=tunnel
2021-06-23 07:51:18.391065 +0000 build-fedora2: >> DISTS_VM=
2021-06-23 07:51:18.391070 +0000 build-fedora2: >> DIST_DOM0=
2021-06-23 07:51:18.391077 +0000 build-fedora2: >> qubes-builder 1716c6e56661512b9615a165f715909364d06236
2021-06-23 07:51:18.391085 +0000 build-fedora2: >> qubes-builder/qubes-src/tunnel dacd7a5668d5b5660dc0220179b4d0da126afabc
2021-06-23 07:51:18.391092 +0000 build-fedora2: !! pkgs/vm-fc31/qubes-tunnel-1.4.1-1.fc31.src.rpm
2021-06-23 07:51:18.391100 +0000 build-fedora2: !! pkgs/vm-fc31/qubes-tunnel-1.4.1-1.fc31.x86_64.buildinfo
2021-06-23 07:51:18.391107 +0000 build-fedora2: !! pkgs/vm-fc31/qubes-tunnel-1.4.1-1.fc31.x86_64.rpm
2021-06-23 07:51:18.391113 +0000 build-fedora2: !! pkgs/vm-fc31/qubes-tunnel.spec.list
2021-06-23 07:51:18.391120 +0000 build-fedora2: !! pkgs/vm-fc32/qubes-tunnel-1.4.1-1.fc32.x86_64.buildinfo
2021-06-23 07:51:18.391127 +0000 build-fedora2: !! pkgs/vm-fc32/qubes-tunnel-1.4.2-1.fc32.x86_64.buildinfo
2021-06-23 07:51:18.391134 +0000 build-fedora2: !! pkgs/vm-fc32/qubes-tunnel-1.4.3-1.fc32.src.rpm
2021-06-23 07:51:18.391141 +0000 build-fedora2: !! pkgs/vm-fc32/qubes-tunnel-1.4.3-1.fc32.x86_64.buildinfo
2021-06-23 07:51:18.391148 +0000 build-fedora2: !! pkgs/vm-fc32/qubes-tunnel-1.4.3-1.fc32.x86_64.rpm
2021-06-23 07:51:18.391154 +0000 build-fedora2: !! pkgs/vm-fc32/qubes-tunnel.spec.list
2021-06-23 07:51:18.391161 +0000 build-fedora2: !! pkgs/vm-fc33/qubes-tunnel-1.4.1-1.fc33.x86_64.buildinfo
2021-06-23 07:51:18.391168 +0000 build-fedora2: !! pkgs/vm-fc33/qubes-tunnel-1.4.2-1.fc33.x86_64.buildinfo
2021-06-23 07:51:18.391175 +0000 build-fedora2: !! pkgs/vm-fc33/qubes-tunnel-1.4.3-1.fc33.src.rpm
2021-06-23 07:51:18.391182 +0000 build-fedora2: !! pkgs/vm-fc33/qubes-tunnel-1.4.3-1.fc33.x86_64.buildinfo
2021-06-23 07:51:18.391189 +0000 build-fedora2: !! pkgs/vm-fc33/qubes-tunnel-1.4.3-1.fc33.x86_64.rpm
2021-06-23 07:51:18.391195 +0000 build-fedora2: !! pkgs/vm-fc33/qubes-tunnel.spec.list
2021-06-23 07:51:18.391209 +0000 build-fedora2: 69af2af72375a7dff312a44c06d7dcfb8d74ffbe637870706ea439f0484f4279929dbdf257136e736c6ef510c24bcd8979ba88fdf1d09966ce2f5c7dde23de18  pkgs/vm-fc31/qubes-tunnel-1.4.1-1.fc31.src.rpm
2021-06-23 07:51:18.391222 +0000 build-fedora2: 404d8962dd9814761aac61661d1c84125ada7dd9791d5a407671a3e60771727b3254d72f3c9f5eda4637ba29373324d348cf05a1f3f27d3853b067476734c2b9  pkgs/vm-fc31/qubes-tunnel-1.4.1-1.fc31.x86_64.buildinfo
2021-06-23 07:51:18.391235 +0000 build-fedora2: 67f8775de56d69be33304e7612e37931e1d475ca65f53ab410bec4cc2f6906c907e8cc2ddd0eb8c75f9c52828d4d41c7bf4e1bad6f49e841bf7e9128d6643759  pkgs/vm-fc31/qubes-tunnel-1.4.1-1.fc31.x86_64.rpm
2021-06-23 07:51:18.391247 +0000 build-fedora2: ae9c7de43a340d8a924a2ad357b66807df21e8c2a51a2eb11826670a2195328d1965b4eed01b3566dd475eb2074624cb0d45858b588b97d80bb56dcfdff0b89d  pkgs/vm-fc31/qubes-tunnel.spec.list
2021-06-23 07:51:18.391260 +0000 build-fedora2: 20026bb9b52ee1c80b4c267845c3444acb6be471625d3030a15b0e2af82e6a5f9f6580964e4071c2011d89b088b00d4e2561fa94ce5737d6b79758db09828024  pkgs/vm-fc32/qubes-tunnel-1.4.1-1.fc32.x86_64.buildinfo
2021-06-23 07:51:18.393369 +0000 build-fedora2: e9fc6c43bcc9539195865ef08d6716533fe0506931c31e2988d17eedd5c793325d16b52db1270ec6675c18f85a4baccc947e64934677a4e565744b70f6c6d2d5  pkgs/vm-fc32/qubes-tunnel-1.4.2-1.fc32.x86_64.buildinfo
2021-06-23 07:51:18.413319 +0000 build-fedora2: 18b494d0e2fcca4c0dbe9beafad5e6b820aab05b0357ed07ab22cbd44b10f5a51adee6dfa8748082e7e25507e93774ba98a38a3f9b3a3bfe660c8f8953249961  pkgs/vm-fc32/qubes-tunnel-1.4.3-1.fc32.src.rpm
2021-06-23 07:51:18.431978 +0000 build-fedora2: fd1a0e8ba36b073cffcb25c7ee5f63830ada69fc0341d8e17cca742f370828bf80a412409150a762be5bead6c5a8dd6cb39d54f380764cf8efbb57e3e8fd811c  pkgs/vm-fc32/qubes-tunnel-1.4.3-1.fc32.x86_64.buildinfo
2021-06-23 07:51:18.449598 +0000 build-fedora2: 5f6790dd9a9c8804305be21d8ffbf4cfad39dd09ef7a925e5b2facbdf9f23221e7dc58c4c64868068675e697f33cbeca680aeac3dbb5d12f992287e76f94bad4  pkgs/vm-fc32/qubes-tunnel-1.4.3-1.fc32.x86_64.rpm
2021-06-23 07:51:18.449620 +0000 build-fedora2: f9d9fa08cffa7ba5bb2b0cc92c678a559b19bece955d83ea837a3add6fa77014d4f48d426d402902f065871126ae0f5514bbca62f99bd643ebceeed099eac213  pkgs/vm-fc32/qubes-tunnel.spec.list
2021-06-23 07:51:18.461689 +0000 build-fedora2: 71eb8adedd1ac8b48daef7e5593b2014150b04af44f3bc28afde0c2a074df21ec8447479cc8d3c3ac078934931ba0424e38e58403f4258a5ccd2dbd046dd2130  pkgs/vm-fc33/qubes-tunnel-1.4.1-1.fc33.x86_64.buildinfo
2021-06-23 07:51:18.461908 +0000 build-fedora2: f9c24cc07660d5e12f3cc1bbbc9b06e748ef8e36ee7a93f35c97d3f4715b217300e55671bb8a4594c714a0f5a99b02d11e91c82e582548aa297d4e9435bf618e  pkgs/vm-fc33/qubes-tunnel-1.4.2-1.fc33.x86_64.buildinfo
2021-06-23 07:51:18.480591 +0000 build-fedora2: d13be06787450c6dd17aa60c5c8ef5883d73ddf63e2ec90c0992a4c6838939fec7a918f5029c134c857b211c83a87f6c73ed704209c5cf13babf647fe9c638e1  pkgs/vm-fc33/qubes-tunnel-1.4.3-1.fc33.src.rpm
2021-06-23 07:51:18.480962 +0000 build-fedora2: f6fd94be709aea597af49c886e1b892ace8e40adcc4f80d6a7a1c546a88af3f9f5e77479c96a84c3939d6b25a3d69e270282d025dae103a2eba880b7e1ed5b3a  pkgs/vm-fc33/qubes-tunnel-1.4.3-1.fc33.x86_64.buildinfo
2021-06-23 07:51:18.492720 +0000 build-fedora2: 64c299bb77c591b52654bac856673140fae731fe1f629b7ab01d6051a4a6ed1dcc9edcd3668d7681230f378e13796f6cb070d140771a545e43175f6cc06c6c1b  pkgs/vm-fc33/qubes-tunnel-1.4.3-1.fc33.x86_64.rpm
2021-06-23 07:51:18.492742 +0000 build-fedora2: 7c949b1ab953d51a791ea86e5adda19c4002279d7b54af2b5e40884deb1a8b666f7295fded879f390ffd88f4bbb38e5dd68e558755ede1052adcc1d26b1a6478  pkgs/vm-fc33/qubes-tunnel.spec.list
2021-06-23 07:51:18.519816 +0000 build-fedora2: ================================================================================
2021-06-23 07:51:18.519839 +0000 build-fedora2:                            B U I L D   I N F O                                  
2021-06-23 07:51:18.519849 +0000 build-fedora2: Items in red indicate it was automatically generated by configuration file(s)
2021-06-23 07:51:18.519858 +0000 build-fedora2: Items in white indicate it was automatically removed by configuration file(s)
2021-06-23 07:51:18.519866 +0000 build-fedora2: ================================================================================
2021-06-23 07:51:18.519871 +0000 build-fedora2: DISTS_VM:
2021-06-23 07:51:18.520933 +0000 build-fedora2:      fc32, fc33, fc34,
2021-06-23 07:51:18.521067 +0000 build-fedora2: DISTS_ALL:
2021-06-23 07:51:18.522116 +0000 build-fedora2:      vm-fc32, vm-fc33, vm-fc34,
2021-06-23 07:51:18.522206 +0000 build-fedora2: DIST_DOM0:
2021-06-23 07:51:18.523196 +0000 build-fedora2:     
2021-06-23 07:51:18.523304 +0000 build-fedora2: BUILDER_PLUGINS:
2021-06-23 07:51:18.524331 +0000 build-fedora2:      builder-rpm, mgmt-salt, contrib-configs, builder-github,
2021-06-23 07:51:18.524454 +0000 build-fedora2: COMPONENTS:
2021-06-23 07:51:18.525432 +0000 build-fedora2:      tunnel,
2021-06-23 07:51:18.525554 +0000 build-fedora2: GIT_REPOS:
2021-06-23 07:51:18.526604 +0000 build-fedora2:      qubes-src/tunnel,
2021-06-23 07:51:18.526794 +0000 build-fedora2: TEMPLATE:
2021-06-23 07:51:18.527901 +0000 build-fedora2:     
2021-06-23 07:51:18.528038 +0000 build-fedora2: TEMPLATE_FLAVOR_DIR:
2021-06-23 07:51:18.529153 +0000 build-fedora2:     
2021-06-23 07:51:18.529271 +0000 build-fedora2: TEMPLATE_ALIAS:
2021-06-23 07:51:18.530404 +0000 build-fedora2:     
2021-06-23 07:51:18.530678 +0000 build-fedora2: TEMPLATE_LABEL:
2021-06-23 07:51:18.531579 +0000 build-fedora2:     
2021-06-23 07:51:18.539817 +0000 build-fedora2: > running make
2021-06-23 07:51:18.546342 +0000 build-fedora2: Makefile:1072: target 'build-info' does not exist
2021-06-23 07:51:18.546377 +0000 build-fedora2: echo "================================================================================"
2021-06-23 07:51:18.546387 +0000 build-fedora2: echo "                           B U I L D   I N F O                                  "
2021-06-23 07:51:18.546396 +0000 build-fedora2: echo -e "Items in red indicate it was automatically generated by configuration file(s)"
2021-06-23 07:51:18.546404 +0000 build-fedora2: echo -e "Items in white indicate it was automatically removed by configuration file(s)"
2021-06-23 07:51:18.546413 +0000 build-fedora2: echo "================================================================================"
2021-06-23 07:51:18.546421 +0000 build-fedora2: # (1): Item Color, (2): Label, (3): Item, (4): Original item used to compare if changed
2021-06-23 07:51:18.546429 +0000 build-fedora2: echo -e "DISTS_VM:"; echo -e " fc34," | fmt -w110  | sed -e 's/^/    /'
2021-06-23 07:51:18.546437 +0000 build-fedora2: echo -e "DISTS_ALL:"; echo -e " vm-fc34," | fmt -w110  | sed -e 's/^/    /'
2021-06-23 07:51:18.546444 +0000 build-fedora2: echo -e "DIST_DOM0:"; echo -e " " | fmt -w110  | sed -e 's/^/    /'
2021-06-23 07:51:18.546455 +0000 build-fedora2: echo -e "BUILDER_PLUGINS:"; echo -e " builder-rpm, mgmt-salt, contrib-configs, builder-github," | fmt -w110  | sed -e 's/^/    /'
2021-06-23 07:51:18.546463 +0000 build-fedora2: echo -e "COMPONENTS:"; echo -e " tunnel," | fmt -w110  | sed -e 's/^/    /'
2021-06-23 07:51:18.546471 +0000 build-fedora2: echo -e "GIT_REPOS:"; echo -e " qubes-src/tunnel," | fmt -w110  | sed -e 's/^/    /'
2021-06-23 07:51:18.546479 +0000 build-fedora2: echo -e "TEMPLATE:"; echo -e " " | fmt -w110  | sed -e 's/^/    /'
2021-06-23 07:51:18.546486 +0000 build-fedora2: echo -e "TEMPLATE_FLAVOR_DIR:"; echo -e " " | fmt -w110  | sed -e 's/^/    /'
2021-06-23 07:51:18.546494 +0000 build-fedora2: echo -e "TEMPLATE_ALIAS:"; echo -e " " | fmt -w110  | sed -e 's/^/    /'
2021-06-23 07:51:18.546502 +0000 build-fedora2: echo -e "TEMPLATE_LABEL:"; echo -e " " | fmt -w110  | sed -e 's/^/    /'
2021-06-23 07:51:18.546508 +0000 build-fedora2: for component in tunnel; do \
2021-06-23 07:51:18.546516 +0000 build-fedora2: .component_env_var=`MAKEFLAGS= make -s get-var GET_VAR=ENV_${component//-/_}`; \
2021-06-23 07:51:18.546528 +0000 build-fedora2: .if [ ! -z "$component_env_var" ]; then echo -e "ENV_${component//-/_}:"; echo -e " ${component_env_var}, """ | fmt -w110  | sed -e 's/^/    /'; fi; \
2021-06-23 07:51:18.546533 +0000 build-fedora2: done
2021-06-23 07:51:18.547052 +0000 build-fedora2: ================================================================================
2021-06-23 07:51:18.547068 +0000 build-fedora2:                            B U I L D   I N F O                                  
2021-06-23 07:51:18.547076 +0000 build-fedora2: Items in red indicate it was automatically generated by configuration file(s)
2021-06-23 07:51:18.547087 +0000 build-fedora2: Items in white indicate it was automatically removed by configuration file(s)
2021-06-23 07:51:18.547095 +0000 build-fedora2: ================================================================================
2021-06-23 07:51:18.547138 +0000 build-fedora2: DISTS_VM:
2021-06-23 07:51:18.548220 +0000 build-fedora2:      fc34,
2021-06-23 07:51:18.548335 +0000 build-fedora2: DISTS_ALL:
2021-06-23 07:51:18.549338 +0000 build-fedora2:      vm-fc34,
2021-06-23 07:51:18.549463 +0000 build-fedora2: DIST_DOM0:
2021-06-23 07:51:18.550482 +0000 build-fedora2:     
2021-06-23 07:51:18.550601 +0000 build-fedora2: BUILDER_PLUGINS:
2021-06-23 07:51:18.551652 +0000 build-fedora2:      builder-rpm, mgmt-salt, contrib-configs, builder-github,
2021-06-23 07:51:18.551747 +0000 build-fedora2: COMPONENTS:
2021-06-23 07:51:18.552778 +0000 build-fedora2:      tunnel,
2021-06-23 07:51:18.552910 +0000 build-fedora2: GIT_REPOS:
2021-06-23 07:51:18.554087 +0000 build-fedora2:      qubes-src/tunnel,
2021-06-23 07:51:18.554372 +0000 build-fedora2: TEMPLATE:
2021-06-23 07:51:18.555239 +0000 build-fedora2:     
2021-06-23 07:51:18.555364 +0000 build-fedora2: TEMPLATE_FLAVOR_DIR:
2021-06-23 07:51:18.556447 +0000 build-fedora2:     
2021-06-23 07:51:18.556567 +0000 build-fedora2: TEMPLATE_ALIAS:
2021-06-23 07:51:18.557693 +0000 build-fedora2:     
2021-06-23 07:51:18.557791 +0000 build-fedora2: TEMPLATE_LABEL:
2021-06-23 07:51:18.558875 +0000 build-fedora2:     
2021-06-23 07:51:18.569391 +0000 build-fedora2: Makefile:229: target 'check-depend.rpm' does not exist
2021-06-23 07:51:18.569406 +0000 build-fedora2: \
2021-06-23 07:51:18.569420 +0000 build-fedora2: echo "Currently installed dependencies:" && rpm -q --whatprovides createrepo_c git perl-Digest-MD5 perl-Digest-SHA python3-pyyaml python3-sh rpm-build rpm-sign rpmdevtools wget || \
2021-06-23 07:51:18.569430 +0000 build-fedora2: .{ echo "ERROR: call 'make install-deps' to install missing dependencies"; exit 1; }
2021-06-23 07:51:18.570122 +0000 build-fedora2: Currently installed dependencies:
2021-06-23 07:51:18.578858 +0000 build-fedora2: createrepo_c-0.17.2-1.fc33.x86_64
2021-06-23 07:51:18.579909 +0000 build-fedora2: git-2.31.1-3.fc33.x86_64
2021-06-23 07:51:18.580073 +0000 build-fedora2: perl-Digest-MD5-2.58-1.fc33.x86_64
2021-06-23 07:51:18.580364 +0000 build-fedora2: perl-Digest-SHA-6.02-458.fc33.x86_64
2021-06-23 07:51:18.580692 +0000 build-fedora2: python3-pyyaml-5.4.1-1.fc33.x86_64
2021-06-23 07:51:18.580820 +0000 build-fedora2: python3-sh-1.13.1-2.fc33.noarch
2021-06-23 07:51:18.580994 +0000 build-fedora2: rpm-build-4.16.1.3-1.fc33.x86_64
2021-06-23 07:51:18.581161 +0000 build-fedora2: rpm-sign-4.16.1.3-1.fc33.x86_64
2021-06-23 07:51:18.581319 +0000 build-fedora2: rpmdevtools-9.3-3.fc33.noarch
2021-06-23 07:51:18.582085 +0000 build-fedora2: wget-1.21.1-2.fc33.x86_64
2021-06-23 07:51:18.582575 +0000 build-fedora2: Makefile:267: update target 'tunnel-dom0' due to: check-depend
2021-06-23 07:51:18.582611 +0000 build-fedora2: if [ -n "tunnel" -a "0" -ne 0 ]; then BRANCH=master; branch_var="BRANCH_tunnel"; [ -n "${!branch_var}" ] && BRANCH="${!branch_var}"; pushd qubes-src/tunnel > /dev/null; CURRENT_BRANCH=`git symbolic-ref --short HEAD 2>/dev/null || git describe --tags --exact-match HEAD`; if [ "$BRANCH" != "$CURRENT_BRANCH" ]; then echo "-> ERROR: Wrong branch $branch_var=$CURRENT_BRANCH (expected $BRANCH)"; exit 1; fi; popd > /dev/null; fi
2021-06-23 07:51:18.583489 +0000 build-fedora2: Makefile:259: update target 'tunnel-vm' due to: check-depend
2021-06-23 07:51:18.583524 +0000 build-fedora2: if [ -n "tunnel" -a "0" -ne 0 ]; then BRANCH=master; branch_var="BRANCH_tunnel"; [ -n "${!branch_var}" ] && BRANCH="${!branch_var}"; pushd qubes-src/tunnel > /dev/null; CURRENT_BRANCH=`git symbolic-ref --short HEAD 2>/dev/null || git describe --tags --exact-match HEAD`; if [ "$BRANCH" != "$CURRENT_BRANCH" ]; then echo "-> ERROR: Wrong branch $branch_var=$CURRENT_BRANCH (expected $BRANCH)"; exit 1; fi; popd > /dev/null; fi
2021-06-23 07:51:18.583532 +0000 build-fedora2: if [ -r qubes-src/tunnel/Makefile.builder ]; then \
2021-06-23 07:51:18.583539 +0000 build-fedora2: .for DIST in fc34; do \
2021-06-23 07:51:18.583549 +0000 build-fedora2: ..make --no-print-directory DIST=$DIST PACKAGE_SET=vm COMPONENT=tunnel ENV_COMPONENT= -f Makefile.generic all || exit 1; \
2021-06-23 07:51:18.583555 +0000 build-fedora2: .done; \
2021-06-23 07:51:18.583560 +0000 build-fedora2: fi
2021-06-23 07:51:18.592949 +0000 build-fedora2: + ERR_OUTPUT=/dev/stderr
2021-06-23 07:51:18.592967 +0000 build-fedora2: + '[' 2 -lt 2 ']'
2021-06-23 07:51:18.593185 +0000 build-fedora2: ++ basename qubes-src/tunnel/rpm_spec/qubes-tunnel.spec.in
2021-06-23 07:51:18.593661 +0000 build-fedora2: + [[ xqubes-tunnel.spec.in == \x\.\i\n ]]
2021-06-23 07:51:18.593737 +0000 build-fedora2: + '[' -r qubes-src/tunnel/rpm_spec/qubes-tunnel.spec.in ']'
2021-06-23 07:51:18.594058 +0000 build-fedora2: ++ mktemp --tmpdir tmp.XXXXXX.spec
2021-06-23 07:51:18.594443 +0000 build-fedora2: + tmp_spec=/tmp/tmp.pvCdFT.spec
2021-06-23 07:51:18.594637 +0000 build-fedora2: ++ dirname /home/user/builder-r4.0/qubes-src/builder-rpm/scripts/query-spec
2021-06-23 07:51:18.595150 +0000 build-fedora2: + /home/user/builder-r4.0/qubes-src/builder-rpm/scripts/generate-spec qubes-src/tunnel/rpm_spec/qubes-tunnel.spec.in /tmp/tmp.pvCdFT.spec
2021-06-23 07:51:18.595952 +0000 build-fedora2: + '[' 2 -lt 2 ']'
2021-06-23 07:51:18.595960 +0000 build-fedora2: + '[' -z qubes-src/tunnel ']'
2021-06-23 07:51:18.596004 +0000 build-fedora2: + cp qubes-src/tunnel/rpm_spec/qubes-tunnel.spec.in qubes-src/tunnel/rpm_spec/qubes-tunnel.spec.in.tmp
2021-06-23 07:51:18.596946 +0000 build-fedora2: + read -r ver
2021-06-23 07:51:18.596953 +0000 build-fedora2: + '[' x = x ']'
2021-06-23 07:51:18.596961 +0000 build-fedora2: + sed -i 's|@VERSION@|1.4.3|g' qubes-src/tunnel/rpm_spec/qubes-tunnel.spec.in.tmp
2021-06-23 07:51:18.597936 +0000 build-fedora2: + vnum=1
2021-06-23 07:51:18.597951 +0000 build-fedora2: + read -r ver
2021-06-23 07:51:18.597962 +0000 build-fedora2: + '[' -e qubes-src/tunnel/rel ']'
2021-06-23 07:51:18.597970 +0000 build-fedora2: + grep -q @REL@ qubes-src/tunnel/rpm_spec/qubes-tunnel.spec.in.tmp
2021-06-23 07:51:18.598733 +0000 build-fedora2: + sed -i -e s:@BACKEND_VMM@:xen:g qubes-src/tunnel/rpm_spec/qubes-tunnel.spec.in.tmp
2021-06-23 07:51:18.599623 +0000 build-fedora2: + grep -q @CHANGELOG@ qubes-src/tunnel/rpm_spec/qubes-tunnel.spec.in.tmp
2021-06-23 07:51:18.600274 +0000 build-fedora2: + cat qubes-src/tunnel/rpm_spec/qubes-tunnel.spec.in.tmp
2021-06-23 07:51:18.600872 +0000 build-fedora2: + rm -rf qubes-src/tunnel/rpm_spec/qubes-tunnel.spec.in.tmp
2021-06-23 07:51:18.601609 +0000 build-fedora2: + '[' '%{SOURCE0}' = '%{SOURCE0}' ']'
2021-06-23 07:51:18.601783 +0000 build-fedora2: ++ dirname /home/user/builder-r4.0/qubes-src/builder-rpm/scripts/query-spec
2021-06-23 07:51:18.602351 +0000 build-fedora2: + /home/user/builder-r4.0/qubes-src/builder-rpm/scripts/../tools/spectool --list-files --source 0 /tmp/tmp.pvCdFT.spec
2021-06-23 07:51:18.660117 +0000 build-fedora2: + rm -f /tmp/tmp.pvCdFT.spec
2021-06-23 07:51:18.662375 +0000 build-fedora2: Makefile.generic:151: target 'generic-prepare-chroot' does not exist
2021-06-23 07:51:18.662384 +0000 build-fedora2: if [ "`id -u`" = 0 ]; then \
2021-06-23 07:51:18.662394 +0000 build-fedora2: .echo "*******************************************************************************"; \
2021-06-23 07:51:18.662404 +0000 build-fedora2: .echo "***                               ERROR                                      ***"; \
2021-06-23 07:51:18.662413 +0000 build-fedora2: .echo "*** Start the build as normal user, it will use sudo (only) where necessary! ***"; \
2021-06-23 07:51:18.662421 +0000 build-fedora2: .echo "***                                                                          ***"; \
2021-06-23 07:51:18.662430 +0000 build-fedora2: .echo "*******************************************************************************"; \
2021-06-23 07:51:18.662435 +0000 build-fedora2: .exit 1; \
2021-06-23 07:51:18.662440 +0000 build-fedora2: fi
2021-06-23 07:51:18.666051 +0000 build-fedora2: + ERR_OUTPUT=/dev/stderr
2021-06-23 07:51:18.666066 +0000 build-fedora2: + '[' 2 -lt 2 ']'
2021-06-23 07:51:18.666185 +0000 build-fedora2: ++ basename qubes-src/tunnel/rpm_spec/qubes-tunnel.spec.in
2021-06-23 07:51:18.666642 +0000 build-fedora2: + [[ xqubes-tunnel.spec.in == \x\.\i\n ]]
2021-06-23 07:51:18.666717 +0000 build-fedora2: + '[' -r qubes-src/tunnel/rpm_spec/qubes-tunnel.spec.in ']'
2021-06-23 07:51:18.666875 +0000 build-fedora2: ++ mktemp --tmpdir tmp.XXXXXX.spec
2021-06-23 07:51:18.667363 +0000 build-fedora2: + tmp_spec=/tmp/tmp.qhDvdR.spec
2021-06-23 07:51:18.667513 +0000 build-fedora2: ++ dirname /home/user/builder-r4.0/qubes-src/builder-rpm/scripts/query-spec
2021-06-23 07:51:18.667965 +0000 build-fedora2: + /home/user/builder-r4.0/qubes-src/builder-rpm/scripts/generate-spec qubes-src/tunnel/rpm_spec/qubes-tunnel.spec.in /tmp/tmp.qhDvdR.spec
2021-06-23 07:51:18.668706 +0000 build-fedora2: + '[' 2 -lt 2 ']'
2021-06-23 07:51:18.668714 +0000 build-fedora2: + '[' -z qubes-src/tunnel ']'
2021-06-23 07:51:18.668740 +0000 build-fedora2: + cp qubes-src/tunnel/rpm_spec/qubes-tunnel.spec.in qubes-src/tunnel/rpm_spec/qubes-tunnel.spec.in.tmp
2021-06-23 07:51:18.669615 +0000 build-fedora2: + read -r ver
2021-06-23 07:51:18.669622 +0000 build-fedora2: + '[' x = x ']'
2021-06-23 07:51:18.669631 +0000 build-fedora2: + sed -i 's|@VERSION@|1.4.3|g' qubes-src/tunnel/rpm_spec/qubes-tunnel.spec.in.tmp
2021-06-23 07:51:18.670538 +0000 build-fedora2: + vnum=1
2021-06-23 07:51:18.670545 +0000 build-fedora2: + read -r ver
2021-06-23 07:51:18.670551 +0000 build-fedora2: + '[' -e qubes-src/tunnel/rel ']'
2021-06-23 07:51:18.670559 +0000 build-fedora2: + grep -q @REL@ qubes-src/tunnel/rpm_spec/qubes-tunnel.spec.in.tmp
2021-06-23 07:51:18.671255 +0000 build-fedora2: + sed -i -e s:@BACKEND_VMM@:xen:g qubes-src/tunnel/rpm_spec/qubes-tunnel.spec.in.tmp
2021-06-23 07:51:18.672097 +0000 build-fedora2: + grep -q @CHANGELOG@ qubes-src/tunnel/rpm_spec/qubes-tunnel.spec.in.tmp
2021-06-23 07:51:18.672720 +0000 build-fedora2: + cat qubes-src/tunnel/rpm_spec/qubes-tunnel.spec.in.tmp
2021-06-23 07:51:18.673329 +0000 build-fedora2: + rm -rf qubes-src/tunnel/rpm_spec/qubes-tunnel.spec.in.tmp
2021-06-23 07:51:18.674050 +0000 build-fedora2: + '[' '%{SOURCE0}' = '%{SOURCE0}' ']'
2021-06-23 07:51:18.674165 +0000 build-fedora2: ++ dirname /home/user/builder-r4.0/qubes-src/builder-rpm/scripts/query-spec
2021-06-23 07:51:18.674627 +0000 build-fedora2: + /home/user/builder-r4.0/qubes-src/builder-rpm/scripts/../tools/spectool --list-files --source 0 /tmp/tmp.qhDvdR.spec
2021-06-23 07:51:18.731669 +0000 build-fedora2: + rm -f /tmp/tmp.qhDvdR.spec
2021-06-23 07:51:18.735071 +0000 build-fedora2: mkdir -p "/home/user/builder-r4.0/cache/fc34"
2021-06-23 07:51:18.736378 +0000 build-fedora2: if ! scripts/test-sane-mount .; then \
2021-06-23 07:51:18.736388 +0000 build-fedora2: .mountpoint=$(scripts/find-mount-point .); \
2021-06-23 07:51:18.736397 +0000 build-fedora2: .echo "*******************************************************************************"; \
2021-06-23 07:51:18.736406 +0000 build-fedora2: .echo "***                               ERROR                                      ***"; \
2021-06-23 07:51:18.736415 +0000 build-fedora2: .echo "*** Cannot create chroot because the current filesystem is mounted as nodev. ***"; \
2021-06-23 07:51:18.736423 +0000 build-fedora2: .echo "*** Build Qubes on a different filesystem, or run 'make remount' to remount  ***"; \
2021-06-23 07:51:18.736429 +0000 build-fedora2: .echo "*** $mountpoint with dev option."; \
2021-06-23 07:51:18.736438 +0000 build-fedora2: .echo "***                                                                          ***"; \
2021-06-23 07:51:18.736446 +0000 build-fedora2: .echo "*******************************************************************************"; \
2021-06-23 07:51:18.736451 +0000 build-fedora2: .exit 1; \
2021-06-23 07:51:18.736456 +0000 build-fedora2: fi
2021-06-23 07:51:18.789337 +0000 build-fedora2: /home/user/builder-r4.0/qubes-src/builder-rpm/Makefile-mock.rpmbuilder:50: update target 'dist-prepare-chroot' due to: /home/user/builder-r4.0/chroot-vm-fc34/home/user/.prepared_mock
2021-06-23 07:51:18.789355 +0000 build-fedora2: true
2021-06-23 07:51:18.793100 +0000 build-fedora2: + ERR_OUTPUT=/dev/stderr
2021-06-23 07:51:18.793108 +0000 build-fedora2: + '[' 2 -lt 2 ']'
2021-06-23 07:51:18.793346 +0000 build-fedora2: ++ basename qubes-src/tunnel/rpm_spec/qubes-tunnel.spec.in
2021-06-23 07:51:18.793836 +0000 build-fedora2: + [[ xqubes-tunnel.spec.in == \x\.\i\n ]]
2021-06-23 07:51:18.794075 +0000 build-fedora2: + '[' -r qubes-src/tunnel/rpm_spec/qubes-tunnel.spec.in ']'
2021-06-23 07:51:18.794195 +0000 build-fedora2: ++ mktemp --tmpdir tmp.XXXXXX.spec
2021-06-23 07:51:18.794694 +0000 build-fedora2: + tmp_spec=/tmp/tmp.QvSyo9.spec
2021-06-23 07:51:18.794881 +0000 build-fedora2: ++ dirname /home/user/builder-r4.0/qubes-src/builder-rpm/scripts/query-spec
2021-06-23 07:51:18.795412 +0000 build-fedora2: + /home/user/builder-r4.0/qubes-src/builder-rpm/scripts/generate-spec qubes-src/tunnel/rpm_spec/qubes-tunnel.spec.in /tmp/tmp.QvSyo9.spec
2021-06-23 07:51:18.796244 +0000 build-fedora2: + '[' 2 -lt 2 ']'
2021-06-23 07:51:18.796253 +0000 build-fedora2: + '[' -z qubes-src/tunnel ']'
2021-06-23 07:51:18.796263 +0000 build-fedora2: + cp qubes-src/tunnel/rpm_spec/qubes-tunnel.spec.in qubes-src/tunnel/rpm_spec/qubes-tunnel.spec.in.tmp
2021-06-23 07:51:18.797265 +0000 build-fedora2: + read -r ver
2021-06-23 07:51:18.797273 +0000 build-fedora2: + '[' x = x ']'
2021-06-23 07:51:18.797281 +0000 build-fedora2: + sed -i 's|@VERSION@|1.4.3|g' qubes-src/tunnel/rpm_spec/qubes-tunnel.spec.in.tmp
2021-06-23 07:51:18.798236 +0000 build-fedora2: + vnum=1
2021-06-23 07:51:18.798242 +0000 build-fedora2: + read -r ver
2021-06-23 07:51:18.798286 +0000 build-fedora2: + '[' -e qubes-src/tunnel/rel ']'
2021-06-23 07:51:18.798296 +0000 build-fedora2: + grep -q @REL@ qubes-src/tunnel/rpm_spec/qubes-tunnel.spec.in.tmp
2021-06-23 07:51:18.799009 +0000 build-fedora2: + sed -i -e s:@BACKEND_VMM@:xen:g qubes-src/tunnel/rpm_spec/qubes-tunnel.spec.in.tmp
2021-06-23 07:51:18.799966 +0000 build-fedora2: + grep -q @CHANGELOG@ qubes-src/tunnel/rpm_spec/qubes-tunnel.spec.in.tmp
2021-06-23 07:51:18.800630 +0000 build-fedora2: + cat qubes-src/tunnel/rpm_spec/qubes-tunnel.spec.in.tmp
2021-06-23 07:51:18.801244 +0000 build-fedora2: + rm -rf qubes-src/tunnel/rpm_spec/qubes-tunnel.spec.in.tmp
2021-06-23 07:51:18.802112 +0000 build-fedora2: + '[' '%{SOURCE0}' = '%{SOURCE0}' ']'
2021-06-23 07:51:18.802275 +0000 build-fedora2: ++ dirname /home/user/builder-r4.0/qubes-src/builder-rpm/scripts/query-spec
2021-06-23 07:51:18.802893 +0000 build-fedora2: + /home/user/builder-r4.0/qubes-src/builder-rpm/scripts/../tools/spectool --list-files --source 0 /tmp/tmp.QvSyo9.spec
2021-06-23 07:51:18.860656 +0000 build-fedora2: + rm -f /tmp/tmp.QvSyo9.spec
2021-06-23 07:51:18.862805 +0000 build-fedora2: Makefile.generic:145: target 'generic-prep' does not exist
2021-06-23 07:51:18.862815 +0000 build-fedora2: if [ -e ""build-logs/tunnel-vm-fc34.log"" ]; then\
2021-06-23 07:51:18.862823 +0000 build-fedora2:    mv -f ""build-logs/tunnel-vm-fc34.log"" ""build-logs/tunnel-vm-fc34.log".old";\
2021-06-23 07:51:18.862829 +0000 build-fedora2: fi
2021-06-23 07:51:18.866467 +0000 build-fedora2: + ERR_OUTPUT=/dev/stderr
2021-06-23 07:51:18.866483 +0000 build-fedora2: + '[' 2 -lt 2 ']'
2021-06-23 07:51:18.866635 +0000 build-fedora2: ++ basename qubes-src/tunnel/rpm_spec/qubes-tunnel.spec.in
2021-06-23 07:51:18.867124 +0000 build-fedora2: + [[ xqubes-tunnel.spec.in == \x\.\i\n ]]
2021-06-23 07:51:18.867199 +0000 build-fedora2: + '[' -r qubes-src/tunnel/rpm_spec/qubes-tunnel.spec.in ']'
2021-06-23 07:51:18.867360 +0000 build-fedora2: ++ mktemp --tmpdir tmp.XXXXXX.spec
2021-06-23 07:51:18.867832 +0000 build-fedora2: + tmp_spec=/tmp/tmp.QuLjrU.spec
2021-06-23 07:51:18.867987 +0000 build-fedora2: ++ dirname /home/user/builder-r4.0/qubes-src/builder-rpm/scripts/query-spec
2021-06-23 07:51:18.868471 +0000 build-fedora2: + /home/user/builder-r4.0/qubes-src/builder-rpm/scripts/generate-spec qubes-src/tunnel/rpm_spec/qubes-tunnel.spec.in /tmp/tmp.QuLjrU.spec
2021-06-23 07:51:18.869273 +0000 build-fedora2: + '[' 2 -lt 2 ']'
2021-06-23 07:51:18.869308 +0000 build-fedora2: + '[' -z qubes-src/tunnel ']'
2021-06-23 07:51:18.869319 +0000 build-fedora2: + cp qubes-src/tunnel/rpm_spec/qubes-tunnel.spec.in qubes-src/tunnel/rpm_spec/qubes-tunnel.spec.in.tmp
2021-06-23 07:51:18.870144 +0000 build-fedora2: + read -r ver
2021-06-23 07:51:18.870159 +0000 build-fedora2: + '[' x = x ']'
2021-06-23 07:51:18.870172 +0000 build-fedora2: + sed -i 's|@VERSION@|1.4.3|g' qubes-src/tunnel/rpm_spec/qubes-tunnel.spec.in.tmp
2021-06-23 07:51:18.871062 +0000 build-fedora2: + vnum=1
2021-06-23 07:51:18.871077 +0000 build-fedora2: + read -r ver
2021-06-23 07:51:18.871088 +0000 build-fedora2: + '[' -e qubes-src/tunnel/rel ']'
2021-06-23 07:51:18.871096 +0000 build-fedora2: + grep -q @REL@ qubes-src/tunnel/rpm_spec/qubes-tunnel.spec.in.tmp
2021-06-23 07:51:18.871778 +0000 build-fedora2: + sed -i -e s:@BACKEND_VMM@:xen:g qubes-src/tunnel/rpm_spec/qubes-tunnel.spec.in.tmp
2021-06-23 07:51:18.872609 +0000 build-fedora2: + grep -q @CHANGELOG@ qubes-src/tunnel/rpm_spec/qubes-tunnel.spec.in.tmp
2021-06-23 07:51:18.873276 +0000 build-fedora2: + cat qubes-src/tunnel/rpm_spec/qubes-tunnel.spec.in.tmp
2021-06-23 07:51:18.873824 +0000 build-fedora2: + rm -rf qubes-src/tunnel/rpm_spec/qubes-tunnel.spec.in.tmp
2021-06-23 07:51:18.874516 +0000 build-fedora2: + '[' '%{SOURCE0}' = '%{SOURCE0}' ']'
2021-06-23 07:51:18.874621 +0000 build-fedora2: ++ dirname /home/user/builder-r4.0/qubes-src/builder-rpm/scripts/query-spec
2021-06-23 07:51:18.875113 +0000 build-fedora2: + /home/user/builder-r4.0/qubes-src/builder-rpm/scripts/../tools/spectool --list-files --source 0 /tmp/tmp.QuLjrU.spec
2021-06-23 07:51:18.932850 +0000 build-fedora2: + rm -f /tmp/tmp.QuLjrU.spec
2021-06-23 07:51:18.935305 +0000 build-fedora2: /home/user/builder-r4.0/qubes-src/builder-rpm/Makefile.rpmbuilder:132: target 'dist-prep' does not exist
2021-06-23 07:51:18.935320 +0000 build-fedora2: true
2021-06-23 07:51:18.939159 +0000 build-fedora2: + ERR_OUTPUT=/dev/stderr
2021-06-23 07:51:18.939174 +0000 build-fedora2: + '[' 2 -lt 2 ']'
2021-06-23 07:51:18.939358 +0000 build-fedora2: ++ basename qubes-src/tunnel/rpm_spec/qubes-tunnel.spec.in
2021-06-23 07:51:18.939858 +0000 build-fedora2: + [[ xqubes-tunnel.spec.in == \x\.\i\n ]]
2021-06-23 07:51:18.939932 +0000 build-fedora2: + '[' -r qubes-src/tunnel/rpm_spec/qubes-tunnel.spec.in ']'
2021-06-23 07:51:18.940131 +0000 build-fedora2: ++ mktemp --tmpdir tmp.XXXXXX.spec
2021-06-23 07:51:18.940636 +0000 build-fedora2: + tmp_spec=/tmp/tmp.TderfH.spec
2021-06-23 07:51:18.940813 +0000 build-fedora2: ++ dirname /home/user/builder-r4.0/qubes-src/builder-rpm/scripts/query-spec
2021-06-23 07:51:18.941327 +0000 build-fedora2: + /home/user/builder-r4.0/qubes-src/builder-rpm/scripts/generate-spec qubes-src/tunnel/rpm_spec/qubes-tunnel.spec.in /tmp/tmp.TderfH.spec
2021-06-23 07:51:18.942174 +0000 build-fedora2: + '[' 2 -lt 2 ']'
2021-06-23 07:51:18.942181 +0000 build-fedora2: + '[' -z qubes-src/tunnel ']'
2021-06-23 07:51:18.942191 +0000 build-fedora2: + cp qubes-src/tunnel/rpm_spec/qubes-tunnel.spec.in qubes-src/tunnel/rpm_spec/qubes-tunnel.spec.in.tmp
2021-06-23 07:51:18.943163 +0000 build-fedora2: + read -r ver
2021-06-23 07:51:18.943170 +0000 build-fedora2: + '[' x = x ']'
2021-06-23 07:51:18.943179 +0000 build-fedora2: + sed -i 's|@VERSION@|1.4.3|g' qubes-src/tunnel/rpm_spec/qubes-tunnel.spec.in.tmp
2021-06-23 07:51:18.944165 +0000 build-fedora2: + vnum=1
2021-06-23 07:51:18.944180 +0000 build-fedora2: + read -r ver
2021-06-23 07:51:18.944187 +0000 build-fedora2: + '[' -e qubes-src/tunnel/rel ']'
2021-06-23 07:51:18.944194 +0000 build-fedora2: + grep -q @REL@ qubes-src/tunnel/rpm_spec/qubes-tunnel.spec.in.tmp
2021-06-23 07:51:18.944925 +0000 build-fedora2: + sed -i -e s:@BACKEND_VMM@:xen:g qubes-src/tunnel/rpm_spec/qubes-tunnel.spec.in.tmp
2021-06-23 07:51:18.955444 +0000 build-fedora2: + grep -q @CHANGELOG@ qubes-src/tunnel/rpm_spec/qubes-tunnel.spec.in.tmp
2021-06-23 07:51:18.956096 +0000 build-fedora2: + cat qubes-src/tunnel/rpm_spec/qubes-tunnel.spec.in.tmp
2021-06-23 07:51:18.956686 +0000 build-fedora2: + rm -rf qubes-src/tunnel/rpm_spec/qubes-tunnel.spec.in.tmp
2021-06-23 07:51:18.957441 +0000 build-fedora2: + '[' '%{SOURCE0}' = '%{SOURCE0}' ']'
2021-06-23 07:51:18.957602 +0000 build-fedora2: ++ dirname /home/user/builder-r4.0/qubes-src/builder-rpm/scripts/query-spec
2021-06-23 07:51:18.958127 +0000 build-fedora2: + /home/user/builder-r4.0/qubes-src/builder-rpm/scripts/../tools/spectool --list-files --source 0 /tmp/tmp.TderfH.spec
2021-06-23 07:51:19.015770 +0000 build-fedora2: + rm -f /tmp/tmp.TderfH.spec
2021-06-23 07:51:19.018147 +0000 build-fedora2: Makefile.generic:126: target 'generic-copy-in' does not exist
2021-06-23 07:51:19.018165 +0000 build-fedora2: mkdir -p /home/user/builder-r4.0/chroot-vm-fc34//home/user/qubes-src
2021-06-23 07:51:19.089864 +0000 build-fedora2: + ERR_OUTPUT=/dev/stderr
2021-06-23 07:51:19.089894 +0000 build-fedora2: + '[' 2 -lt 2 ']'
2021-06-23 07:51:19.089903 +0000 build-fedora2: ++ basename qubes-src/tunnel/rpm_spec/qubes-tunnel.spec.in
2021-06-23 07:51:19.089910 +0000 build-fedora2: + [[ xqubes-tunnel.spec.in == \x\.\i\n ]]
2021-06-23 07:51:19.089917 +0000 build-fedora2: + '[' -r qubes-src/tunnel/rpm_spec/qubes-tunnel.spec.in ']'
2021-06-23 07:51:19.089923 +0000 build-fedora2: ++ mktemp --tmpdir tmp.XXXXXX.spec
2021-06-23 07:51:19.089929 +0000 build-fedora2: + tmp_spec=/tmp/tmp.ygNDv6.spec
2021-06-23 07:51:19.089937 +0000 build-fedora2: ++ dirname /home/user/builder-r4.0/qubes-src/builder-rpm/scripts/query-spec
2021-06-23 07:51:19.089948 +0000 build-fedora2: + /home/user/builder-r4.0/qubes-src/builder-rpm/scripts/generate-spec qubes-src/tunnel/rpm_spec/qubes-tunnel.spec.in /tmp/tmp.ygNDv6.spec
2021-06-23 07:51:19.089954 +0000 build-fedora2: + '[' 2 -lt 2 ']'
2021-06-23 07:51:19.089960 +0000 build-fedora2: + '[' -z qubes-src/tunnel ']'
2021-06-23 07:51:19.089969 +0000 build-fedora2: + cp qubes-src/tunnel/rpm_spec/qubes-tunnel.spec.in qubes-src/tunnel/rpm_spec/qubes-tunnel.spec.in.tmp
2021-06-23 07:51:19.090144 +0000 build-fedora2: + read -r ver
2021-06-23 07:51:19.090152 +0000 build-fedora2: + '[' x = x ']'
2021-06-23 07:51:19.090162 +0000 build-fedora2: + sed -i 's|@VERSION@|1.4.3|g' qubes-src/tunnel/rpm_spec/qubes-tunnel.spec.in.tmp
2021-06-23 07:51:19.091148 +0000 build-fedora2: + vnum=1
2021-06-23 07:51:19.091155 +0000 build-fedora2: + read -r ver
2021-06-23 07:51:19.091204 +0000 build-fedora2: + '[' -e qubes-src/tunnel/rel ']'
2021-06-23 07:51:19.091213 +0000 build-fedora2: + grep -q @REL@ qubes-src/tunnel/rpm_spec/qubes-tunnel.spec.in.tmp
2021-06-23 07:51:19.091874 +0000 build-fedora2: + sed -i -e s:@BACKEND_VMM@:xen:g qubes-src/tunnel/rpm_spec/qubes-tunnel.spec.in.tmp
2021-06-23 07:51:19.142707 +0000 build-fedora2: + grep -q @CHANGELOG@ qubes-src/tunnel/rpm_spec/qubes-tunnel.spec.in.tmp
2021-06-23 07:51:19.143390 +0000 build-fedora2: + cat qubes-src/tunnel/rpm_spec/qubes-tunnel.spec.in.tmp
2021-06-23 07:51:19.144000 +0000 build-fedora2: + rm -rf qubes-src/tunnel/rpm_spec/qubes-tunnel.spec.in.tmp
2021-06-23 07:51:19.144733 +0000 build-fedora2: + '[' '%{SOURCE0}' = '%{SOURCE0}' ']'
2021-06-23 07:51:19.144925 +0000 build-fedora2: ++ dirname /home/user/builder-r4.0/qubes-src/builder-rpm/scripts/query-spec
2021-06-23 07:51:19.145462 +0000 build-fedora2: + /home/user/builder-r4.0/qubes-src/builder-rpm/scripts/../tools/spectool --list-files --source 0 /tmp/tmp.ygNDv6.spec
2021-06-23 07:51:19.202952 +0000 build-fedora2: + rm -f /tmp/tmp.ygNDv6.spec
2021-06-23 07:51:19.205905 +0000 build-fedora2: cp Makefile.generic /home/user/builder-r4.0/chroot-vm-fc34//home/user/
2021-06-23 07:51:19.207496 +0000 build-fedora2: cp /home/user/builder-r4.0/qubes-src/builder-rpm/Makefile.rpmbuilder /home/user/builder-r4.0/qubes-src/builder-github//Makefile.github /home/user/builder-r4.0/chroot-vm-fc34//home/user/
2021-06-23 07:51:19.209010 +0000 build-fedora2: rm -rf /home/user/builder-r4.0/chroot-vm-fc34//home/user/qubes-src/tunnel
2021-06-23 07:51:19.215036 +0000 build-fedora2: cp -alt /home/user/builder-r4.0/chroot-vm-fc34//home/user/qubes-src/ qubes-src/tunnel
2021-06-23 07:51:19.331381 +0000 build-fedora2: rm -rf /home/user/builder-r4.0/chroot-vm-fc34//home/user/qubes-src/tunnel/pkgs
2021-06-23 07:51:19.334407 +0000 build-fedora2: + ERR_OUTPUT=/dev/stderr
2021-06-23 07:51:19.334416 +0000 build-fedora2: + '[' 2 -lt 2 ']'
2021-06-23 07:51:19.334653 +0000 build-fedora2: ++ basename qubes-src/tunnel/rpm_spec/qubes-tunnel.spec.in
2021-06-23 07:51:19.335159 +0000 build-fedora2: + [[ xqubes-tunnel.spec.in == \x\.\i\n ]]
2021-06-23 07:51:19.335235 +0000 build-fedora2: + '[' -r qubes-src/tunnel/rpm_spec/qubes-tunnel.spec.in ']'
2021-06-23 07:51:19.335432 +0000 build-fedora2: ++ mktemp --tmpdir tmp.XXXXXX.spec
2021-06-23 07:51:19.335928 +0000 build-fedora2: + tmp_spec=/tmp/tmp.XvFtWa.spec
2021-06-23 07:51:19.336133 +0000 build-fedora2: ++ dirname /home/user/builder-r4.0/qubes-src/builder-rpm/scripts/query-spec
2021-06-23 07:51:19.336617 +0000 build-fedora2: + /home/user/builder-r4.0/qubes-src/builder-rpm/scripts/generate-spec qubes-src/tunnel/rpm_spec/qubes-tunnel.spec.in /tmp/tmp.XvFtWa.spec
2021-06-23 07:51:19.337451 +0000 build-fedora2: + '[' 2 -lt 2 ']'
2021-06-23 07:51:19.337462 +0000 build-fedora2: + '[' -z qubes-src/tunnel ']'
2021-06-23 07:51:19.337471 +0000 build-fedora2: + cp qubes-src/tunnel/rpm_spec/qubes-tunnel.spec.in qubes-src/tunnel/rpm_spec/qubes-tunnel.spec.in.tmp
2021-06-23 07:51:19.338526 +0000 build-fedora2: + read -r ver
2021-06-23 07:51:19.338541 +0000 build-fedora2: + '[' x = x ']'
2021-06-23 07:51:19.338551 +0000 build-fedora2: + sed -i 's|@VERSION@|1.4.3|g' qubes-src/tunnel/rpm_spec/qubes-tunnel.spec.in.tmp
2021-06-23 07:51:19.339460 +0000 build-fedora2: + vnum=1
2021-06-23 07:51:19.339467 +0000 build-fedora2: + read -r ver
2021-06-23 07:51:19.339497 +0000 build-fedora2: + '[' -e qubes-src/tunnel/rel ']'
2021-06-23 07:51:19.339506 +0000 build-fedora2: + grep -q @REL@ qubes-src/tunnel/rpm_spec/qubes-tunnel.spec.in.tmp
2021-06-23 07:51:19.340289 +0000 build-fedora2: + sed -i -e s:@BACKEND_VMM@:xen:g qubes-src/tunnel/rpm_spec/qubes-tunnel.spec.in.tmp
2021-06-23 07:51:19.341143 +0000 build-fedora2: + grep -q @CHANGELOG@ qubes-src/tunnel/rpm_spec/qubes-tunnel.spec.in.tmp
2021-06-23 07:51:19.341796 +0000 build-fedora2: + cat qubes-src/tunnel/rpm_spec/qubes-tunnel.spec.in.tmp
2021-06-23 07:51:19.342405 +0000 build-fedora2: + rm -rf qubes-src/tunnel/rpm_spec/qubes-tunnel.spec.in.tmp
2021-06-23 07:51:19.343125 +0000 build-fedora2: + '[' '%{SOURCE0}' = '%{SOURCE0}' ']'
2021-06-23 07:51:19.343310 +0000 build-fedora2: ++ dirname /home/user/builder-r4.0/qubes-src/builder-rpm/scripts/query-spec
2021-06-23 07:51:19.343800 +0000 build-fedora2: + /home/user/builder-r4.0/qubes-src/builder-rpm/scripts/../tools/spectool --list-files --source 0 /tmp/tmp.XvFtWa.spec
2021-06-23 07:51:19.401406 +0000 build-fedora2: + rm -f /tmp/tmp.XvFtWa.spec
2021-06-23 07:51:19.402482 +0000 build-fedora2: Makefile.generic:121: target 'make-git-tarball' does not exist
2021-06-23 07:51:19.402500 +0000 build-fedora2: git -C /home/user/builder-r4.0/chroot-vm-fc34/home/user/qubes-src/tunnel clean -f -d -X
2021-06-23 07:51:19.406402 +0000 build-fedora2: + ERR_OUTPUT=/dev/stderr
2021-06-23 07:51:19.406410 +0000 build-fedora2: + '[' 2 -lt 2 ']'
2021-06-23 07:51:19.406724 +0000 build-fedora2: ++ basename qubes-src/tunnel/rpm_spec/qubes-tunnel.spec.in
2021-06-23 07:51:19.407175 +0000 build-fedora2: + [[ xqubes-tunnel.spec.in == \x\.\i\n ]]
2021-06-23 07:51:19.407245 +0000 build-fedora2: + '[' -r qubes-src/tunnel/rpm_spec/qubes-tunnel.spec.in ']'
2021-06-23 07:51:19.407441 +0000 build-fedora2: ++ mktemp --tmpdir tmp.XXXXXX.spec
2021-06-23 07:51:19.407935 +0000 build-fedora2: + tmp_spec=/tmp/tmp.0u79L3.spec
2021-06-23 07:51:19.408157 +0000 build-fedora2: ++ dirname /home/user/builder-r4.0/qubes-src/builder-rpm/scripts/query-spec
2021-06-23 07:51:19.408637 +0000 build-fedora2: + /home/user/builder-r4.0/qubes-src/builder-rpm/scripts/generate-spec qubes-src/tunnel/rpm_spec/qubes-tunnel.spec.in /tmp/tmp.0u79L3.spec
2021-06-23 07:51:19.409498 +0000 build-fedora2: + '[' 2 -lt 2 ']'
2021-06-23 07:51:19.409506 +0000 build-fedora2: + '[' -z qubes-src/tunnel ']'
