2020-03-28 14:52:04.424986 +0000 > starting log
2020-03-28 14:52:04.427345 +0000 build-fedora2: > starting build with log
2020-03-28 14:52:04.427390 +0000 build-fedora2: >> make args: DISTS_VM=fc30 DIST_DOM0= qubes
2020-03-28 14:52:04.427418 +0000 build-fedora2: >> MAKEFLAGS=
2020-03-28 14:52:04.427444 +0000 build-fedora2: >> COMPONENTS=tunnel
2020-03-28 14:52:04.427467 +0000 build-fedora2: >> DISTS_VM=
2020-03-28 14:52:04.427490 +0000 build-fedora2: >> DIST_DOM0=
2020-03-28 14:52:04.427518 +0000 build-fedora2: >> qubes-builder 5560315de93ce32850e7557356de3dd67edb9300
2020-03-28 14:52:04.427547 +0000 build-fedora2: >> qubes-builder/qubes-src/tunnel 9f3ee0bcaa6f76ff03cfb8b30962c2284bd5b3ce
2020-03-28 14:52:04.427582 +0000 build-fedora2: !! pkgs/vm-fc29/qubes-tunnel.spec.list
2020-03-28 14:52:04.427611 +0000 build-fedora2: !! pkgs/vm-fc29/x86_64/qubes-tunnel-1.4.0-1.fc29.x86_64.rpm
2020-03-28 14:52:04.427639 +0000 build-fedora2: !! pkgs/vm-fc29/x86_64/qubes-tunnel-1.4.1-1.fc29.x86_64.rpm
2020-03-28 14:52:04.427868 +0000 build-fedora2: !! pkgs/vm-fc30/qubes-tunnel.spec.list
2020-03-28 14:52:04.427909 +0000 build-fedora2: !! pkgs/vm-fc30/x86_64/qubes-tunnel-1.4.0-1.fc30.x86_64.rpm
2020-03-28 14:52:04.427935 +0000 build-fedora2: !! pkgs/vm-fc31/qubes-tunnel.spec.list
2020-03-28 14:52:04.427963 +0000 build-fedora2: !! pkgs/vm-fc31/x86_64/qubes-tunnel-1.4.0-1.fc31.x86_64.rpm
2020-03-28 14:52:04.428003 +0000 build-fedora2: 319ed0510c610b1124bdd08910bce3aeb7bea62393669e8fd69afc3b5a97bf5b989ce88875fd06803a7db6398f7f9c2887fb575ef4e870dbff4424e3574b16e8  pkgs/vm-fc29/qubes-tunnel.spec.list
2020-03-28 14:52:04.428047 +0000 build-fedora2: 129d82e016cc83f88809789e99ea7edf3e2ddd2a485a1b465734dbab3b82b1cb96e93a1fc5453eda6c8ce498a71f46134a8c14861c8db99f24ba17c54ebefcd2  pkgs/vm-fc29/x86_64/qubes-tunnel-1.4.0-1.fc29.x86_64.rpm
2020-03-28 14:52:04.428092 +0000 build-fedora2: 63b05e2aa0b34bf84e3086e3d957881cb22551210537d6d4b560088c47d3d2199514bc7c99968cc79a20d20c4dd553c6b777ad36dce5e329d8c412a3f238b57a  pkgs/vm-fc29/x86_64/qubes-tunnel-1.4.1-1.fc29.x86_64.rpm
2020-03-28 14:52:04.428134 +0000 build-fedora2: f49354bf76d8f2f90579b4720f49b76811e79cf5205b984053c3dee6624b8ebeaee5d4e95558d3cc902ca4810e378903fd1585426e5321908973591673d19bb4  pkgs/vm-fc30/qubes-tunnel.spec.list
2020-03-28 14:52:04.428179 +0000 build-fedora2: dba8ebe67af2495edaec1e560c5483fa4450eb7e162fe1ba6bc08db6c15ac7a2ea88a33c850cdd7088c0dbc7ec428aab267164a19ddbde0d14b14a90ca23b80a  pkgs/vm-fc30/x86_64/qubes-tunnel-1.4.0-1.fc30.x86_64.rpm
2020-03-28 14:52:04.428220 +0000 build-fedora2: a31913383350472697b33ebe992e06ceb634a791e1477d33515aecfb57eb94dce7a804eea524031e9551ec6333185164040a3f9d500088ecd04013dd5d841963  pkgs/vm-fc31/qubes-tunnel.spec.list
2020-03-28 14:52:04.428265 +0000 build-fedora2: f794624912e73cedcd625bfd9cb12787488998b55de0dcf897ba7590ffd69259b114d3dc3449f7efeb02fc5cc340c28ad0e092431d7c7ea74f686b24585f37fa  pkgs/vm-fc31/x86_64/qubes-tunnel-1.4.0-1.fc31.x86_64.rpm
2020-03-28 14:52:04.428297 +0000 build-fedora2: ================================================================================
2020-03-28 14:52:04.428328 +0000 build-fedora2:                            B U I L D   I N F O                                  
2020-03-28 14:52:04.428358 +0000 build-fedora2: Items in red indicate it was automatically generated by configuration file(s)
2020-03-28 14:52:04.428388 +0000 build-fedora2: Items in white indicate it was automatically removed by configuration file(s)
2020-03-28 14:52:04.428418 +0000 build-fedora2: ================================================================================
2020-03-28 14:52:04.428441 +0000 build-fedora2: DISTS_VM:
2020-03-28 14:52:04.428465 +0000 build-fedora2:      fc29, fc30, fc31,
2020-03-28 14:52:04.428487 +0000 build-fedora2: DISTS_ALL:
2020-03-28 14:52:04.428511 +0000 build-fedora2:      vm-fc29, vm-fc30, vm-fc31,
2020-03-28 14:52:04.428533 +0000 build-fedora2: DIST_DOM0:
2020-03-28 14:52:04.428553 +0000 build-fedora2:     
2020-03-28 14:52:04.428576 +0000 build-fedora2: BUILDER_PLUGINS:
2020-03-28 14:52:04.428603 +0000 build-fedora2:      builder-rpm, mgmt-salt, contrib-configs, builder-github,
2020-03-28 14:52:04.428644 +0000 build-fedora2: COMPONENTS:
2020-03-28 14:52:04.428871 +0000 build-fedora2:      tunnel,
2020-03-28 14:52:04.428902 +0000 build-fedora2: GIT_REPOS:
2020-03-28 14:52:04.428926 +0000 build-fedora2:      qubes-src/tunnel,
2020-03-28 14:52:04.428948 +0000 build-fedora2: TEMPLATE:
2020-03-28 14:52:04.428969 +0000 build-fedora2:     
2020-03-28 14:52:04.428992 +0000 build-fedora2: TEMPLATE_FLAVOR_DIR:
2020-03-28 14:52:04.429014 +0000 build-fedora2:     
2020-03-28 14:52:04.429036 +0000 build-fedora2: TEMPLATE_ALIAS:
2020-03-28 14:52:04.429056 +0000 build-fedora2:     
2020-03-28 14:52:04.429078 +0000 build-fedora2: TEMPLATE_LABEL:
2020-03-28 14:52:04.429099 +0000 build-fedora2:     
2020-03-28 14:52:04.446540 +0000 build-fedora2: > running make
2020-03-28 14:52:04.482395 +0000 build-fedora2: Makefile:1010: target 'build-info' does not exist
2020-03-28 14:52:04.483024 +0000 build-fedora2: echo "================================================================================"
2020-03-28 14:52:04.483065 +0000 build-fedora2: echo "                           B U I L D   I N F O                                  "
2020-03-28 14:52:04.483100 +0000 build-fedora2: echo -e "Items in red indicate it was automatically generated by configuration file(s)"
2020-03-28 14:52:04.483132 +0000 build-fedora2: echo -e "Items in white indicate it was automatically removed by configuration file(s)"
2020-03-28 14:52:04.483165 +0000 build-fedora2: echo "================================================================================"
2020-03-28 14:52:04.483197 +0000 build-fedora2: # (1): Item Color, (2): Label, (3): Item, (4): Original item used to compare if changed
2020-03-28 14:52:04.483228 +0000 build-fedora2: echo -e "DISTS_VM:"; echo -e " fc30," | fmt -w110  | sed -e 's/^/    /'
2020-03-28 14:52:04.483258 +0000 build-fedora2: echo -e "DISTS_ALL:"; echo -e " vm-fc30," | fmt -w110  | sed -e 's/^/    /'
2020-03-28 14:52:04.483286 +0000 build-fedora2: echo -e "DIST_DOM0:"; echo -e " " | fmt -w110  | sed -e 's/^/    /'
2020-03-28 14:52:04.483322 +0000 build-fedora2: echo -e "BUILDER_PLUGINS:"; echo -e " builder-rpm, mgmt-salt, contrib-configs, builder-github," | fmt -w110  | sed -e 's/^/    /'
2020-03-28 14:52:04.483355 +0000 build-fedora2: echo -e "COMPONENTS:"; echo -e " tunnel," | fmt -w110  | sed -e 's/^/    /'
2020-03-28 14:52:04.483385 +0000 build-fedora2: echo -e "GIT_REPOS:"; echo -e " qubes-src/tunnel," | fmt -w110  | sed -e 's/^/    /'
2020-03-28 14:52:04.483417 +0000 build-fedora2: echo -e "TEMPLATE:"; echo -e " " | fmt -w110  | sed -e 's/^/    /'
2020-03-28 14:52:04.483447 +0000 build-fedora2: echo -e "TEMPLATE_FLAVOR_DIR:"; echo -e " " | fmt -w110  | sed -e 's/^/    /'
2020-03-28 14:52:04.483476 +0000 build-fedora2: echo -e "TEMPLATE_ALIAS:"; echo -e " " | fmt -w110  | sed -e 's/^/    /'
2020-03-28 14:52:04.483505 +0000 build-fedora2: echo -e "TEMPLATE_LABEL:"; echo -e " " | fmt -w110  | sed -e 's/^/    /'
2020-03-28 14:52:04.483529 +0000 build-fedora2: for component in tunnel; do \
2020-03-28 14:52:04.483558 +0000 build-fedora2: .component_env_var=`make -s get-var GET_VAR=ENV_${component//-/_}`; \
2020-03-28 14:52:04.483599 +0000 build-fedora2: .if [ ! -z "$component_env_var" ]; then echo -e "ENV_${component//-/_}:"; echo -e " ${component_env_var}, """ | fmt -w110  | sed -e 's/^/    /'; fi; \
2020-03-28 14:52:04.483625 +0000 build-fedora2: done
2020-03-28 14:52:04.487194 +0000 build-fedora2: ================================================================================
2020-03-28 14:52:04.487281 +0000 build-fedora2:                            B U I L D   I N F O                                  
2020-03-28 14:52:04.488652 +0000 build-fedora2: Items in red indicate it was automatically generated by configuration file(s)
2020-03-28 14:52:04.489425 +0000 build-fedora2: Items in white indicate it was automatically removed by configuration file(s)
2020-03-28 14:52:04.489550 +0000 build-fedora2: ================================================================================
2020-03-28 14:52:04.489664 +0000 build-fedora2: DISTS_VM:
2020-03-28 14:52:04.497559 +0000 build-fedora2:      fc30,
2020-03-28 14:52:04.498948 +0000 build-fedora2: DISTS_ALL:
2020-03-28 14:52:04.505620 +0000 build-fedora2:      vm-fc30,
2020-03-28 14:52:04.507610 +0000 build-fedora2: DIST_DOM0:
2020-03-28 14:52:04.515644 +0000 build-fedora2:     
2020-03-28 14:52:04.516957 +0000 build-fedora2: BUILDER_PLUGINS:
2020-03-28 14:52:04.524128 +0000 build-fedora2:      builder-rpm, mgmt-salt, contrib-configs, builder-github,
2020-03-28 14:52:04.525611 +0000 build-fedora2: COMPONENTS:
2020-03-28 14:52:04.532585 +0000 build-fedora2:      tunnel,
2020-03-28 14:52:04.534379 +0000 build-fedora2: GIT_REPOS:
2020-03-28 14:52:04.543317 +0000 build-fedora2:      qubes-src/tunnel,
2020-03-28 14:52:04.545037 +0000 build-fedora2: TEMPLATE:
2020-03-28 14:52:04.557128 +0000 build-fedora2:     
2020-03-28 14:52:04.559031 +0000 build-fedora2: TEMPLATE_FLAVOR_DIR:
2020-03-28 14:52:04.566014 +0000 build-fedora2:     
2020-03-28 14:52:04.566998 +0000 build-fedora2: TEMPLATE_ALIAS:
2020-03-28 14:52:04.574583 +0000 build-fedora2:     
2020-03-28 14:52:04.576310 +0000 build-fedora2: TEMPLATE_LABEL:
2020-03-28 14:52:04.583198 +0000 build-fedora2:     
2020-03-28 14:52:04.624206 +0000 build-fedora2: ENV_tunnel:
2020-03-28 14:52:04.630643 +0000 build-fedora2:      Makefile:1068: target 'get-var' does not exist
2020-03-28 14:52:04.630964 +0000 build-fedora2:     GET_VAR=${!GET_VAR}; \ echo "${GET_VAR}",
2020-03-28 14:52:04.634457 +0000 build-fedora2: Makefile:217: target 'check-depend.rpm' does not exist
2020-03-28 14:52:04.635237 +0000 build-fedora2: echo "Currently installed dependencies:" && rpm -q --whatprovides PyYAML createrepo_c git perl-Digest-MD5 perl-Digest-SHA python3-sh rpm-build rpm-sign rpmdevtools wget || \
2020-03-28 14:52:04.635298 +0000 build-fedora2: .{ echo "ERROR: call 'make install-deps' to install missing dependencies"; exit 1; }
2020-03-28 14:52:04.639031 +0000 build-fedora2: Currently installed dependencies:
2020-03-28 14:52:04.654488 +0000 build-fedora2: python2-pyyaml-5.1-1.fc30.x86_64
2020-03-28 14:52:04.655504 +0000 build-fedora2: createrepo_c-0.15.5-1.fc30.x86_64
2020-03-28 14:52:04.657325 +0000 build-fedora2: git-2.21.1-1.fc30.x86_64
2020-03-28 14:52:04.657969 +0000 build-fedora2: perl-Digest-MD5-2.55-418.fc30.x86_64
2020-03-28 14:52:04.659587 +0000 build-fedora2: perl-Digest-SHA-6.02-5.fc30.x86_64
2020-03-28 14:52:04.660008 +0000 build-fedora2: python3-sh-1.12.14-10.fc30.noarch
2020-03-28 14:52:04.661206 +0000 build-fedora2: rpm-build-4.14.2.1-5.fc30.x86_64
2020-03-28 14:52:04.662205 +0000 build-fedora2: rpm-sign-4.14.2.1-5.fc30.x86_64
2020-03-28 14:52:04.663211 +0000 build-fedora2: rpmdevtools-8.10-8.fc30.noarch
2020-03-28 14:52:04.664256 +0000 build-fedora2: wget-1.20.3-1.fc30.x86_64
2020-03-28 14:52:04.666297 +0000 build-fedora2: Makefile:239: update target 'tunnel-dom0' due to: check-depend
2020-03-28 14:52:04.666392 +0000 build-fedora2: if [ -n "tunnel" -a "0" -ne 0 ]; then BRANCH=release4.0; branch_var="BRANCH_tunnel"; [ -n "${!branch_var}" ] && BRANCH="${!branch_var}"; pushd qubes-src/tunnel > /dev/null; CURRENT_BRANCH=`git symbolic-ref --short HEAD 2>/dev/null || git describe --tags --exact-match HEAD`; if [ "$BRANCH" != "$CURRENT_BRANCH" ]; then echo "-> ERROR: Wrong branch $branch_var=$CURRENT_BRANCH (expected $BRANCH)"; exit 1; fi; popd > /dev/null; fi
2020-03-28 14:52:04.670375 +0000 build-fedora2: Makefile:227: update target 'tunnel-vm' due to: check-depend
2020-03-28 14:52:04.670465 +0000 build-fedora2: if [ -n "tunnel" -a "0" -ne 0 ]; then BRANCH=release4.0; branch_var="BRANCH_tunnel"; [ -n "${!branch_var}" ] && BRANCH="${!branch_var}"; pushd qubes-src/tunnel > /dev/null; CURRENT_BRANCH=`git symbolic-ref --short HEAD 2>/dev/null || git describe --tags --exact-match HEAD`; if [ "$BRANCH" != "$CURRENT_BRANCH" ]; then echo "-> ERROR: Wrong branch $branch_var=$CURRENT_BRANCH (expected $BRANCH)"; exit 1; fi; popd > /dev/null; fi
2020-03-28 14:52:04.670503 +0000 build-fedora2: if [ -r qubes-src/tunnel/Makefile.builder ]; then \
2020-03-28 14:52:04.670558 +0000 build-fedora2: .for DIST in fc30; do \
2020-03-28 14:52:04.670597 +0000 build-fedora2: ..make --no-print-directory DIST=$DIST PACKAGE_SET=vm COMPONENT=tunnel ENV_COMPONENT= -f Makefile.generic all || exit 1; \
2020-03-28 14:52:04.670623 +0000 build-fedora2: .done; \
2020-03-28 14:52:04.670654 +0000 build-fedora2: elif [ -n "`make -n -s -C qubes-src/tunnel rpms-vm 2> /dev/null`" ]; then \
2020-03-28 14:52:04.670876 +0000 build-fedora2:     for DIST in fc30; do \
2020-03-28 14:52:04.670908 +0000 build-fedora2:         MAKE_TARGET="rpms-vm" ./scripts/build $DIST tunnel || exit 1; \
2020-03-28 14:52:04.670931 +0000 build-fedora2:     done; \
2020-03-28 14:52:04.670953 +0000 build-fedora2: fi
2020-03-28 14:52:04.695215 +0000 build-fedora2: + ERR_OUTPUT=/dev/stderr
2020-03-28 14:52:04.695331 +0000 build-fedora2: + '[' 2 -lt 2 ']'
2020-03-28 14:52:04.696221 +0000 build-fedora2: ++ basename qubes-src/tunnel/rpm_spec/qubes-tunnel.spec.in
2020-03-28 14:52:04.699413 +0000 build-fedora2: + [[ xqubes-tunnel.spec.in == \x\.\i\n ]]
2020-03-28 14:52:04.699475 +0000 build-fedora2: + '[' -r qubes-src/tunnel/rpm_spec/qubes-tunnel.spec.in ']'
2020-03-28 14:52:04.700383 +0000 build-fedora2: ++ mktemp --tmpdir tmp.XXXXXX.spec
2020-03-28 14:52:04.703897 +0000 build-fedora2: + tmp_spec=/tmp/tmp.p6k5Ts.spec
2020-03-28 14:52:04.704230 +0000 build-fedora2: ++ dirname /home/user/builder-r4.0/qubes-src/builder-rpm/scripts/query-spec
2020-03-28 14:52:04.707564 +0000 build-fedora2: + /home/user/builder-r4.0/qubes-src/builder-rpm/scripts/generate-spec qubes-src/tunnel/rpm_spec/qubes-tunnel.spec.in /tmp/tmp.p6k5Ts.spec
2020-03-28 14:52:04.711594 +0000 build-fedora2: + '[' 2 -lt 2 ']'
2020-03-28 14:52:04.712146 +0000 build-fedora2: + '[' -z qubes-src/tunnel ']'
2020-03-28 14:52:04.712279 +0000 build-fedora2: + cp qubes-src/tunnel/rpm_spec/qubes-tunnel.spec.in qubes-src/tunnel/rpm_spec/qubes-tunnel.spec.in.tmp
2020-03-28 14:52:04.717235 +0000 build-fedora2: + read -r ver
2020-03-28 14:52:04.717357 +0000 build-fedora2: + '[' x = x ']'
2020-03-28 14:52:04.717416 +0000 build-fedora2: + sed -i 's|@VERSION@|1.4.1|g' qubes-src/tunnel/rpm_spec/qubes-tunnel.spec.in.tmp
2020-03-28 14:52:04.722580 +0000 build-fedora2: + vnum=1
2020-03-28 14:52:04.722646 +0000 build-fedora2: + read -r ver
2020-03-28 14:52:04.722980 +0000 build-fedora2: + '[' -e qubes-src/tunnel/rel ']'
2020-03-28 14:52:04.723033 +0000 build-fedora2: + grep -q @REL@ qubes-src/tunnel/rpm_spec/qubes-tunnel.spec.in.tmp
2020-03-28 14:52:04.726323 +0000 build-fedora2: + sed -i -e s:@BACKEND_VMM@:xen:g qubes-src/tunnel/rpm_spec/qubes-tunnel.spec.in.tmp
2020-03-28 14:52:04.731239 +0000 build-fedora2: + grep -q @CHANGELOG@ qubes-src/tunnel/rpm_spec/qubes-tunnel.spec.in.tmp
2020-03-28 14:52:04.735112 +0000 build-fedora2: + cat qubes-src/tunnel/rpm_spec/qubes-tunnel.spec.in.tmp
2020-03-28 14:52:04.738320 +0000 build-fedora2: + rm -rf qubes-src/tunnel/rpm_spec/qubes-tunnel.spec.in.tmp
2020-03-28 14:52:04.741373 +0000 build-fedora2: + '[' '%{SOURCE0}' = '%{SOURCE0}' ']'
2020-03-28 14:52:04.741632 +0000 build-fedora2: ++ dirname /home/user/builder-r4.0/qubes-src/builder-rpm/scripts/query-spec
2020-03-28 14:52:04.745288 +0000 build-fedora2: + /home/user/builder-r4.0/qubes-src/builder-rpm/scripts/../tools/spectool --list-files --source 0 /tmp/tmp.p6k5Ts.spec
2020-03-28 14:52:04.876347 +0000 build-fedora2: + rm -f /tmp/tmp.p6k5Ts.spec
2020-03-28 14:52:04.883557 +0000 build-fedora2: Makefile.generic:151: target 'generic-prepare-chroot' does not exist
2020-03-28 14:52:04.883976 +0000 build-fedora2: if [ "`id -u`" = 0 ]; then \
2020-03-28 14:52:04.884024 +0000 build-fedora2: .echo "*******************************************************************************"; \
2020-03-28 14:52:04.884061 +0000 build-fedora2: .echo "***                               ERROR                                      ***"; \
2020-03-28 14:52:04.884096 +0000 build-fedora2: .echo "*** Start the build as normal user, it will use sudo (only) where necessary! ***"; \
2020-03-28 14:52:04.884168 +0000 build-fedora2: .echo "***                                                                          ***"; \
2020-03-28 14:52:04.884204 +0000 build-fedora2: .echo "*******************************************************************************"; \
2020-03-28 14:52:04.884230 +0000 build-fedora2: .exit 1; \
2020-03-28 14:52:04.884255 +0000 build-fedora2: fi
2020-03-28 14:52:04.897030 +0000 build-fedora2: + ERR_OUTPUT=/dev/stderr
2020-03-28 14:52:04.897189 +0000 build-fedora2: + '[' 2 -lt 2 ']'
2020-03-28 14:52:04.898397 +0000 build-fedora2: ++ basename qubes-src/tunnel/rpm_spec/qubes-tunnel.spec.in
2020-03-28 14:52:04.901938 +0000 build-fedora2: + [[ xqubes-tunnel.spec.in == \x\.\i\n ]]
2020-03-28 14:52:04.901987 +0000 build-fedora2: + '[' -r qubes-src/tunnel/rpm_spec/qubes-tunnel.spec.in ']'
2020-03-28 14:52:04.902931 +0000 build-fedora2: ++ mktemp --tmpdir tmp.XXXXXX.spec
2020-03-28 14:52:04.906061 +0000 build-fedora2: + tmp_spec=/tmp/tmp.sULNRB.spec
2020-03-28 14:52:04.906981 +0000 build-fedora2: ++ dirname /home/user/builder-r4.0/qubes-src/builder-rpm/scripts/query-spec
2020-03-28 14:52:04.910076 +0000 build-fedora2: + /home/user/builder-r4.0/qubes-src/builder-rpm/scripts/generate-spec qubes-src/tunnel/rpm_spec/qubes-tunnel.spec.in /tmp/tmp.sULNRB.spec
2020-03-28 14:52:04.914219 +0000 build-fedora2: + '[' 2 -lt 2 ']'
2020-03-28 14:52:04.914357 +0000 build-fedora2: + '[' -z qubes-src/tunnel ']'
2020-03-28 14:52:04.914619 +0000 build-fedora2: + cp qubes-src/tunnel/rpm_spec/qubes-tunnel.spec.in qubes-src/tunnel/rpm_spec/qubes-tunnel.spec.in.tmp
2020-03-28 14:52:04.919476 +0000 build-fedora2: + read -r ver
2020-03-28 14:52:04.919540 +0000 build-fedora2: + '[' x = x ']'
2020-03-28 14:52:04.919590 +0000 build-fedora2: + sed -i 's|@VERSION@|1.4.1|g' qubes-src/tunnel/rpm_spec/qubes-tunnel.spec.in.tmp
2020-03-28 14:52:04.925138 +0000 build-fedora2: + vnum=1
2020-03-28 14:52:04.925201 +0000 build-fedora2: + read -r ver
2020-03-28 14:52:04.925245 +0000 build-fedora2: + '[' -e qubes-src/tunnel/rel ']'
2020-03-28 14:52:04.925319 +0000 build-fedora2: + grep -q @REL@ qubes-src/tunnel/rpm_spec/qubes-tunnel.spec.in.tmp
2020-03-28 14:52:04.930042 +0000 build-fedora2: + sed -i -e s:@BACKEND_VMM@:xen:g qubes-src/tunnel/rpm_spec/qubes-tunnel.spec.in.tmp
2020-03-28 14:52:04.934280 +0000 build-fedora2: + grep -q @CHANGELOG@ qubes-src/tunnel/rpm_spec/qubes-tunnel.spec.in.tmp
2020-03-28 14:52:04.937642 +0000 build-fedora2: + cat qubes-src/tunnel/rpm_spec/qubes-tunnel.spec.in.tmp
2020-03-28 14:52:04.941308 +0000 build-fedora2: + rm -rf qubes-src/tunnel/rpm_spec/qubes-tunnel.spec.in.tmp
2020-03-28 14:52:04.944462 +0000 build-fedora2: + '[' '%{SOURCE0}' = '%{SOURCE0}' ']'
2020-03-28 14:52:04.945322 +0000 build-fedora2: ++ dirname /home/user/builder-r4.0/qubes-src/builder-rpm/scripts/query-spec
2020-03-28 14:52:04.948653 +0000 build-fedora2: + /home/user/builder-r4.0/qubes-src/builder-rpm/scripts/../tools/spectool --list-files --source 0 /tmp/tmp.sULNRB.spec
2020-03-28 14:52:05.081324 +0000 build-fedora2: + rm -f /tmp/tmp.sULNRB.spec
2020-03-28 14:52:05.094371 +0000 build-fedora2: mkdir -p "/home/user/builder-r4.0/cache/fc30"
2020-03-28 14:52:05.100539 +0000 build-fedora2: if ! scripts/test-sane-mount .; then \
2020-03-28 14:52:05.100643 +0000 build-fedora2: .mountpoint=$(scripts/find-mount-point .); \
2020-03-28 14:52:05.101129 +0000 build-fedora2: .echo "*******************************************************************************"; \
2020-03-28 14:52:05.101213 +0000 build-fedora2: .echo "***                               ERROR                                      ***"; \
2020-03-28 14:52:05.101289 +0000 build-fedora2: .echo "*** Cannot create chroot because the current filesystem is mounted as nodev. ***"; \
2020-03-28 14:52:05.101361 +0000 build-fedora2: .echo "*** Build Qubes on a different filesystem, or run 'make remount' to remount  ***"; \
2020-03-28 14:52:05.101421 +0000 build-fedora2: .echo "*** $mountpoint with dev option."; \
2020-03-28 14:52:05.101489 +0000 build-fedora2: .echo "***                                                                          ***"; \
2020-03-28 14:52:05.101598 +0000 build-fedora2: .echo "*******************************************************************************"; \
2020-03-28 14:52:05.102128 +0000 build-fedora2: .exit 1; \
2020-03-28 14:52:05.102188 +0000 build-fedora2: fi
2020-03-28 14:52:05.164659 +0000 build-fedora2: /home/user/builder-r4.0/qubes-src/builder-rpm/Makefile-legacy.rpmbuilder:30: update target 'dist-prepare-chroot' due to: /home/user/builder-r4.0/chroot-vm-fc30/home/user/.prepared_base
2020-03-28 14:52:05.166000 +0000 build-fedora2: if [ ! -r /home/user/builder-r4.0/chroot-vm-fc30/proc/cpuinfo ]; then\
2020-03-28 14:52:05.166050 +0000 build-fedora2: .sudo mount -t proc proc /home/user/builder-r4.0/chroot-vm-fc30/proc;\
2020-03-28 14:52:05.166077 +0000 build-fedora2: fi
2020-03-28 14:52:05.179134 +0000 build-fedora2: + ERR_OUTPUT=/dev/stderr
2020-03-28 14:52:05.179320 +0000 build-fedora2: + '[' 2 -lt 2 ']'
2020-03-28 14:52:05.180442 +0000 build-fedora2: ++ basename qubes-src/tunnel/rpm_spec/qubes-tunnel.spec.in
2020-03-28 14:52:05.184047 +0000 build-fedora2: + [[ xqubes-tunnel.spec.in == \x\.\i\n ]]
2020-03-28 14:52:05.184122 +0000 build-fedora2: + '[' -r qubes-src/tunnel/rpm_spec/qubes-tunnel.spec.in ']'
2020-03-28 14:52:05.184980 +0000 build-fedora2: ++ mktemp --tmpdir tmp.XXXXXX.spec
2020-03-28 14:52:05.188402 +0000 build-fedora2: + tmp_spec=/tmp/tmp.BSYa09.spec
2020-03-28 14:52:05.189190 +0000 build-fedora2: ++ dirname /home/user/builder-r4.0/qubes-src/builder-rpm/scripts/query-spec
2020-03-28 14:52:05.192634 +0000 build-fedora2: + /home/user/builder-r4.0/qubes-src/builder-rpm/scripts/generate-spec qubes-src/tunnel/rpm_spec/qubes-tunnel.spec.in /tmp/tmp.BSYa09.spec
2020-03-28 14:52:05.195311 +0000 build-fedora2: + '[' 2 -lt 2 ']'
2020-03-28 14:52:05.195575 +0000 build-fedora2: + '[' -z qubes-src/tunnel ']'
2020-03-28 14:52:05.196191 +0000 build-fedora2: + cp qubes-src/tunnel/rpm_spec/qubes-tunnel.spec.in qubes-src/tunnel/rpm_spec/qubes-tunnel.spec.in.tmp
2020-03-28 14:52:05.200273 +0000 build-fedora2: + read -r ver
2020-03-28 14:52:05.200317 +0000 build-fedora2: + '[' x = x ']'
2020-03-28 14:52:05.200352 +0000 build-fedora2: + sed -i 's|@VERSION@|1.4.1|g' qubes-src/tunnel/rpm_spec/qubes-tunnel.spec.in.tmp
2020-03-28 14:52:05.204886 +0000 build-fedora2: + vnum=1
2020-03-28 14:52:05.204929 +0000 build-fedora2: + read -r ver
2020-03-28 14:52:05.204959 +0000 build-fedora2: + '[' -e qubes-src/tunnel/rel ']'
2020-03-28 14:52:05.204990 +0000 build-fedora2: + grep -q @REL@ qubes-src/tunnel/rpm_spec/qubes-tunnel.spec.in.tmp
2020-03-28 14:52:05.208435 +0000 build-fedora2: + sed -i -e s:@BACKEND_VMM@:xen:g qubes-src/tunnel/rpm_spec/qubes-tunnel.spec.in.tmp
2020-03-28 14:52:05.213013 +0000 build-fedora2: + grep -q @CHANGELOG@ qubes-src/tunnel/rpm_spec/qubes-tunnel.spec.in.tmp
2020-03-28 14:52:05.216283 +0000 build-fedora2: + cat qubes-src/tunnel/rpm_spec/qubes-tunnel.spec.in.tmp
2020-03-28 14:52:05.219296 +0000 build-fedora2: + rm -rf qubes-src/tunnel/rpm_spec/qubes-tunnel.spec.in.tmp
2020-03-28 14:52:05.222340 +0000 build-fedora2: + '[' '%{SOURCE0}' = '%{SOURCE0}' ']'
2020-03-28 14:52:05.223181 +0000 build-fedora2: ++ dirname /home/user/builder-r4.0/qubes-src/builder-rpm/scripts/query-spec
2020-03-28 14:52:05.226135 +0000 build-fedora2: + /home/user/builder-r4.0/qubes-src/builder-rpm/scripts/../tools/spectool --list-files --source 0 /tmp/tmp.BSYa09.spec
2020-03-28 14:52:05.357415 +0000 build-fedora2: + rm -f /tmp/tmp.BSYa09.spec
2020-03-28 14:52:05.413105 +0000 build-fedora2: if ! [ -d /home/user/builder-r4.0/chroot-vm-fc30/tmp/qubes-packages-mirror-repo/rpm ]; then\
2020-03-28 14:52:05.413211 +0000 build-fedora2: .mkdir -p /home/user/builder-r4.0/chroot-vm-fc30/tmp/qubes-packages-mirror-repo;\
2020-03-28 14:52:05.413298 +0000 build-fedora2: .sudo mount --bind /home/user/builder-r4.0/qubes-packages-mirror-repo/vm-fc30 /home/user/builder-r4.0/chroot-vm-fc30/tmp/qubes-packages-mirror-repo;\
2020-03-28 14:52:05.413373 +0000 build-fedora2: fi
2020-03-28 14:52:05.473150 +0000 build-fedora2: sudo cp /home/user/builder-r4.0/qubes-src/builder-rpm/yum.conf /home/user/builder-r4.0/chroot-vm-fc30/etc/yum.conf
2020-03-28 14:52:05.528250 +0000 build-fedora2: Makefile.generic:145: target 'generic-prep' does not exist
2020-03-28 14:52:05.528403 +0000 build-fedora2: if [ -e ""build-logs/tunnel-vm-fc30.log"" ]; then\
2020-03-28 14:52:05.528479 +0000 build-fedora2:    mv -f ""build-logs/tunnel-vm-fc30.log"" ""build-logs/tunnel-vm-fc30.log".old";\
2020-03-28 14:52:05.528529 +0000 build-fedora2: fi
2020-03-28 14:52:05.540017 +0000 build-fedora2: + ERR_OUTPUT=/dev/stderr
2020-03-28 14:52:05.540118 +0000 build-fedora2: + '[' 2 -lt 2 ']'
2020-03-28 14:52:05.541571 +0000 build-fedora2: ++ basename qubes-src/tunnel/rpm_spec/qubes-tunnel.spec.in
2020-03-28 14:52:05.544332 +0000 build-fedora2: + [[ xqubes-tunnel.spec.in == \x\.\i\n ]]
2020-03-28 14:52:05.544439 +0000 build-fedora2: + '[' -r qubes-src/tunnel/rpm_spec/qubes-tunnel.spec.in ']'
2020-03-28 14:52:05.545285 +0000 build-fedora2: ++ mktemp --tmpdir tmp.XXXXXX.spec
2020-03-28 14:52:05.548418 +0000 build-fedora2: + tmp_spec=/tmp/tmp.7VJIQc.spec
2020-03-28 14:52:05.549635 +0000 build-fedora2: ++ dirname /home/user/builder-r4.0/qubes-src/builder-rpm/scripts/query-spec
2020-03-28 14:52:05.552615 +0000 build-fedora2: + /home/user/builder-r4.0/qubes-src/builder-rpm/scripts/generate-spec qubes-src/tunnel/rpm_spec/qubes-tunnel.spec.in /tmp/tmp.7VJIQc.spec
2020-03-28 14:52:05.556064 +0000 build-fedora2: + '[' 2 -lt 2 ']'
2020-03-28 14:52:05.556244 +0000 build-fedora2: + '[' -z qubes-src/tunnel ']'
2020-03-28 14:52:05.556424 +0000 build-fedora2: + cp qubes-src/tunnel/rpm_spec/qubes-tunnel.spec.in qubes-src/tunnel/rpm_spec/qubes-tunnel.spec.in.tmp
2020-03-28 14:52:05.560899 +0000 build-fedora2: + read -r ver
2020-03-28 14:52:05.561180 +0000 build-fedora2: + '[' x = x ']'
2020-03-28 14:52:05.561225 +0000 build-fedora2: + sed -i 's|@VERSION@|1.4.1|g' qubes-src/tunnel/rpm_spec/qubes-tunnel.spec.in.tmp
2020-03-28 14:52:05.566532 +0000 build-fedora2: + vnum=1
2020-03-28 14:52:05.566595 +0000 build-fedora2: + read -r ver
2020-03-28 14:52:05.566639 +0000 build-fedora2: + '[' -e qubes-src/tunnel/rel ']'
2020-03-28 14:52:05.566952 +0000 build-fedora2: + grep -q @REL@ qubes-src/tunnel/rpm_spec/qubes-tunnel.spec.in.tmp
2020-03-28 14:52:05.570435 +0000 build-fedora2: + sed -i -e s:@BACKEND_VMM@:xen:g qubes-src/tunnel/rpm_spec/qubes-tunnel.spec.in.tmp
2020-03-28 14:52:05.580994 +0000 build-fedora2: + grep -q @CHANGELOG@ qubes-src/tunnel/rpm_spec/qubes-tunnel.spec.in.tmp
2020-03-28 14:52:05.581084 +0000 build-fedora2: + cat qubes-src/tunnel/rpm_spec/qubes-tunnel.spec.in.tmp
2020-03-28 14:52:05.581161 +0000 build-fedora2: + rm -rf qubes-src/tunnel/rpm_spec/qubes-tunnel.spec.in.tmp
2020-03-28 14:52:05.583885 +0000 build-fedora2: + '[' '%{SOURCE0}' = '%{SOURCE0}' ']'
2020-03-28 14:52:05.586625 +0000 build-fedora2: ++ dirname /home/user/builder-r4.0/qubes-src/builder-rpm/scripts/query-spec
2020-03-28 14:52:05.587888 +0000 build-fedora2: + /home/user/builder-r4.0/qubes-src/builder-rpm/scripts/../tools/spectool --list-files --source 0 /tmp/tmp.7VJIQc.spec
2020-03-28 14:52:05.800608 +0000 build-fedora2: + rm -f /tmp/tmp.7VJIQc.spec
2020-03-28 14:52:05.831381 +0000 build-fedora2: /home/user/builder-r4.0/qubes-src/builder-rpm/Makefile.rpmbuilder:116: target 'dist-prep' does not exist
2020-03-28 14:52:05.831484 +0000 build-fedora2: true
2020-03-28 14:52:05.853583 +0000 build-fedora2: + ERR_OUTPUT=/dev/stderr
2020-03-28 14:52:05.853964 +0000 build-fedora2: + '[' 2 -lt 2 ']'
2020-03-28 14:52:05.857400 +0000 build-fedora2: ++ basename qubes-src/tunnel/rpm_spec/qubes-tunnel.spec.in
2020-03-28 14:52:05.863980 +0000 build-fedora2: + [[ xqubes-tunnel.spec.in == \x\.\i\n ]]
2020-03-28 14:52:05.864043 +0000 build-fedora2: + '[' -r qubes-src/tunnel/rpm_spec/qubes-tunnel.spec.in ']'
2020-03-28 14:52:05.867550 +0000 build-fedora2: ++ mktemp --tmpdir tmp.XXXXXX.spec
2020-03-28 14:52:05.872186 +0000 build-fedora2: + tmp_spec=/tmp/tmp.t2nlD5.spec
2020-03-28 14:52:05.875379 +0000 build-fedora2: ++ dirname /home/user/builder-r4.0/qubes-src/builder-rpm/scripts/query-spec
2020-03-28 14:52:05.882185 +0000 build-fedora2: + /home/user/builder-r4.0/qubes-src/builder-rpm/scripts/generate-spec qubes-src/tunnel/rpm_spec/qubes-tunnel.spec.in /tmp/tmp.t2nlD5.spec
2020-03-28 14:52:05.888626 +0000 build-fedora2: + '[' 2 -lt 2 ']'
2020-03-28 14:52:05.889181 +0000 build-fedora2: + '[' -z qubes-src/tunnel ']'
2020-03-28 14:52:05.889958 +0000 build-fedora2: + cp qubes-src/tunnel/rpm_spec/qubes-tunnel.spec.in qubes-src/tunnel/rpm_spec/qubes-tunnel.spec.in.tmp
2020-03-28 14:52:05.899954 +0000 build-fedora2: + read -r ver
2020-03-28 14:52:05.900000 +0000 build-fedora2: + '[' x = x ']'
2020-03-28 14:52:05.900035 +0000 build-fedora2: + sed -i 's|@VERSION@|1.4.1|g' qubes-src/tunnel/rpm_spec/qubes-tunnel.spec.in.tmp
2020-03-28 14:52:05.909146 +0000 build-fedora2: + vnum=1
2020-03-28 14:52:05.909233 +0000 build-fedora2: + read -r ver
2020-03-28 14:52:05.909304 +0000 build-fedora2: + '[' -e qubes-src/tunnel/rel ']'
2020-03-28 14:52:05.909408 +0000 build-fedora2: + grep -q @REL@ qubes-src/tunnel/rpm_spec/qubes-tunnel.spec.in.tmp
2020-03-28 14:52:05.916622 +0000 build-fedora2: + sed -i -e s:@BACKEND_VMM@:xen:g qubes-src/tunnel/rpm_spec/qubes-tunnel.spec.in.tmp
2020-03-28 14:52:05.924142 +0000 build-fedora2: + grep -q @CHANGELOG@ qubes-src/tunnel/rpm_spec/qubes-tunnel.spec.in.tmp
2020-03-28 14:52:05.932231 +0000 build-fedora2: + cat qubes-src/tunnel/rpm_spec/qubes-tunnel.spec.in.tmp
2020-03-28 14:52:05.937542 +0000 build-fedora2: + rm -rf qubes-src/tunnel/rpm_spec/qubes-tunnel.spec.in.tmp
2020-03-28 14:52:05.944452 +0000 build-fedora2: + '[' '%{SOURCE0}' = '%{SOURCE0}' ']'
2020-03-28 14:52:05.947306 +0000 build-fedora2: ++ dirname /home/user/builder-r4.0/qubes-src/builder-rpm/scripts/query-spec
2020-03-28 14:52:05.952138 +0000 build-fedora2: + /home/user/builder-r4.0/qubes-src/builder-rpm/scripts/../tools/spectool --list-files --source 0 /tmp/tmp.t2nlD5.spec
2020-03-28 14:52:06.172215 +0000 build-fedora2: + rm -f /tmp/tmp.t2nlD5.spec
2020-03-28 14:52:06.193090 +0000 build-fedora2: Makefile.generic:126: target 'generic-copy-in' does not exist
2020-03-28 14:52:06.193211 +0000 build-fedora2: mkdir -p /home/user/builder-r4.0/chroot-vm-fc30//home/user/qubes-src
2020-03-28 14:52:06.213429 +0000 build-fedora2: + ERR_OUTPUT=/dev/stderr
2020-03-28 14:52:06.214287 +0000 build-fedora2: + '[' 2 -lt 2 ']'
2020-03-28 14:52:06.223531 +0000 build-fedora2: ++ basename qubes-src/tunnel/rpm_spec/qubes-tunnel.spec.in
2020-03-28 14:52:06.225936 +0000 build-fedora2: + [[ xqubes-tunnel.spec.in == \x\.\i\n ]]
2020-03-28 14:52:06.225985 +0000 build-fedora2: + '[' -r qubes-src/tunnel/rpm_spec/qubes-tunnel.spec.in ']'
2020-03-28 14:52:06.229324 +0000 build-fedora2: ++ mktemp --tmpdir tmp.XXXXXX.spec
2020-03-28 14:52:06.233502 +0000 build-fedora2: + tmp_spec=/tmp/tmp.0LzfCb.spec
2020-03-28 14:52:06.236192 +0000 build-fedora2: ++ dirname /home/user/builder-r4.0/qubes-src/builder-rpm/scripts/query-spec
2020-03-28 14:52:06.240425 +0000 build-fedora2: + /home/user/builder-r4.0/qubes-src/builder-rpm/scripts/generate-spec qubes-src/tunnel/rpm_spec/qubes-tunnel.spec.in /tmp/tmp.0LzfCb.spec
2020-03-28 14:52:06.246655 +0000 build-fedora2: + '[' 2 -lt 2 ']'
2020-03-28 14:52:06.248318 +0000 build-fedora2: + '[' -z qubes-src/tunnel ']'
2020-03-28 14:52:06.248987 +0000 build-fedora2: + cp qubes-src/tunnel/rpm_spec/qubes-tunnel.spec.in qubes-src/tunnel/rpm_spec/qubes-tunnel.spec.in.tmp
2020-03-28 14:52:06.255452 +0000 build-fedora2: + read -r ver
2020-03-28 14:52:06.255520 +0000 build-fedora2: + '[' x = x ']'
2020-03-28 14:52:06.255573 +0000 build-fedora2: + sed -i 's|@VERSION@|1.4.1|g' qubes-src/tunnel/rpm_spec/qubes-tunnel.spec.in.tmp
2020-03-28 14:52:06.267270 +0000 build-fedora2: + vnum=1
2020-03-28 14:52:06.267351 +0000 build-fedora2: + read -r ver
2020-03-28 14:52:06.267406 +0000 build-fedora2: + '[' -e qubes-src/tunnel/rel ']'
2020-03-28 14:52:06.267461 +0000 build-fedora2: + grep -q @REL@ qubes-src/tunnel/rpm_spec/qubes-tunnel.spec.in.tmp
2020-03-28 14:52:06.274955 +0000 build-fedora2: + sed -i -e s:@BACKEND_VMM@:xen:g qubes-src/tunnel/rpm_spec/qubes-tunnel.spec.in.tmp
2020-03-28 14:52:06.283470 +0000 build-fedora2: + grep -q @CHANGELOG@ qubes-src/tunnel/rpm_spec/qubes-tunnel.spec.in.tmp
2020-03-28 14:52:06.290183 +0000 build-fedora2: + cat qubes-src/tunnel/rpm_spec/qubes-tunnel.spec.in.tmp
2020-03-28 14:52:06.298067 +0000 build-fedora2: + rm -rf qubes-src/tunnel/rpm_spec/qubes-tunnel.spec.in.tmp
2020-03-28 14:52:06.530553 +0000 build-fedora2: + '[' '%{SOURCE0}' = '%{SOURCE0}' ']'
2020-03-28 14:52:06.534200 +0000 build-fedora2: ++ dirname /home/user/builder-r4.0/qubes-src/builder-rpm/scripts/query-spec
2020-03-28 14:52:06.542016 +0000 build-fedora2: + /home/user/builder-r4.0/qubes-src/builder-rpm/scripts/../tools/spectool --list-files --source 0 /tmp/tmp.0LzfCb.spec
2020-03-28 14:52:06.805051 +0000 build-fedora2: + rm -f /tmp/tmp.0LzfCb.spec
2020-03-28 14:52:06.841475 +0000 build-fedora2: cp Makefile.generic /home/user/builder-r4.0/chroot-vm-fc30//home/user/
2020-03-28 14:52:06.857251 +0000 build-fedora2: cp /home/user/builder-r4.0/qubes-src/builder-rpm/Makefile.rpmbuilder /home/user/builder-r4.0/qubes-src/builder-github//Makefile.github /home/user/builder-r4.0/chroot-vm-fc30//home/user/
2020-03-28 14:52:06.867386 +0000 build-fedora2: rm -rf /home/user/builder-r4.0/chroot-vm-fc30//home/user/qubes-src/tunnel
2020-03-28 14:52:06.879919 +0000 build-fedora2: cp -alt /home/user/builder-r4.0/chroot-vm-fc30//home/user/qubes-src/ qubes-src/tunnel
2020-03-28 14:52:06.917080 +0000 build-fedora2: rm -rf /home/user/builder-r4.0/chroot-vm-fc30//home/user/qubes-src/tunnel/pkgs
2020-03-28 14:52:06.945201 +0000 build-fedora2: + ERR_OUTPUT=/dev/stderr
2020-03-28 14:52:06.945305 +0000 build-fedora2: + '[' 2 -lt 2 ']'
2020-03-28 14:52:06.948950 +0000 build-fedora2: ++ basename qubes-src/tunnel/rpm_spec/qubes-tunnel.spec.in
2020-03-28 14:52:06.952261 +0000 build-fedora2: + [[ xqubes-tunnel.spec.in == \x\.\i\n ]]
2020-03-28 14:52:06.952311 +0000 build-fedora2: + '[' -r qubes-src/tunnel/rpm_spec/qubes-tunnel.spec.in ']'
2020-03-28 14:52:06.955037 +0000 build-fedora2: ++ mktemp --tmpdir tmp.XXXXXX.spec
2020-03-28 14:52:06.958887 +0000 build-fedora2: + tmp_spec=/tmp/tmp.qfm07e.spec
2020-03-28 14:52:06.962267 +0000 build-fedora2: ++ dirname /home/user/builder-r4.0/qubes-src/builder-rpm/scripts/query-spec
2020-03-28 14:52:06.966329 +0000 build-fedora2: + /home/user/builder-r4.0/qubes-src/builder-rpm/scripts/generate-spec qubes-src/tunnel/rpm_spec/qubes-tunnel.spec.in /tmp/tmp.qfm07e.spec
2020-03-28 14:52:06.972999 +0000 build-fedora2: + '[' 2 -lt 2 ']'
2020-03-28 14:52:06.973180 +0000 build-fedora2: + '[' -z qubes-src/tunnel ']'
2020-03-28 14:52:06.974913 +0000 build-fedora2: + cp qubes-src/tunnel/rpm_spec/qubes-tunnel.spec.in qubes-src/tunnel/rpm_spec/qubes-tunnel.spec.in.tmp
2020-03-28 14:52:06.985140 +0000 build-fedora2: + read -r ver
2020-03-28 14:52:06.985232 +0000 build-fedora2: + '[' x = x ']'
2020-03-28 14:52:06.985308 +0000 build-fedora2: + sed -i 's|@VERSION@|1.4.1|g' qubes-src/tunnel/rpm_spec/qubes-tunnel.spec.in.tmp
2020-03-28 14:52:06.995404 +0000 build-fedora2: + vnum=1
2020-03-28 14:52:06.995480 +0000 build-fedora2: + read -r ver
2020-03-28 14:52:06.995549 +0000 build-fedora2: + '[' -e qubes-src/tunnel/rel ']'
2020-03-28 14:52:06.995633 +0000 build-fedora2: + grep -q @REL@ qubes-src/tunnel/rpm_spec/qubes-tunnel.spec.in.tmp
2020-03-28 14:52:07.003158 +0000 build-fedora2: + sed -i -e s:@BACKEND_VMM@:xen:g qubes-src/tunnel/rpm_spec/qubes-tunnel.spec.in.tmp
2020-03-28 14:52:07.013206 +0000 build-fedora2: + grep -q @CHANGELOG@ qubes-src/tunnel/rpm_spec/qubes-tunnel.spec.in.tmp
2020-03-28 14:52:07.021119 +0000 build-fedora2: + cat qubes-src/tunnel/rpm_spec/qubes-tunnel.spec.in.tmp
2020-03-28 14:52:07.028492 +0000 build-fedora2: + rm -rf qubes-src/tunnel/rpm_spec/qubes-tunnel.spec.in.tmp
2020-03-28 14:52:07.036564 +0000 build-fedora2: + '[' '%{SOURCE0}' = '%{SOURCE0}' ']'
2020-03-28 14:52:07.039118 +0000 build-fedora2: ++ dirname /home/user/builder-r4.0/qubes-src/builder-rpm/scripts/query-spec
2020-03-28 14:52:07.044561 +0000 build-fedora2: + /home/user/builder-r4.0/qubes-src/builder-rpm/scripts/../tools/spectool --list-files --source 0 /tmp/tmp.qfm07e.spec
2020-03-28 14:52:07.629297 +0000 build-fedora2: + rm -f /tmp/tmp.qfm07e.spec
2020-03-28 14:52:07.638433 +0000 build-fedora2: Makefile.generic:121: target 'make-git-tarball' does not exist
2020-03-28 14:52:07.638491 +0000 build-fedora2: git -C /home/user/builder-r4.0/chroot-vm-fc30/home/user/qubes-src/tunnel clean -f -d -X
2020-03-28 14:52:07.678410 +0000 build-fedora2: + ERR_OUTPUT=/dev/stderr
2020-03-28 14:52:07.682883 +0000 build-fedora2: + '[' 2 -lt 2 ']'
2020-03-28 14:52:07.686970 +0000 build-fedora2: ++ basename qubes-src/tunnel/rpm_spec/qubes-tunnel.spec.in
2020-03-28 14:52:07.694934 +0000 build-fedora2: + [[ xqubes-tunnel.spec.in == \x\.\i\n ]]
2020-03-28 14:52:07.696261 +0000 build-fedora2: + '[' -r qubes-src/tunnel/rpm_spec/qubes-tunnel.spec.in ']'
2020-03-28 14:52:07.700988 +0000 build-fedora2: ++ mktemp --tmpdir tmp.XXXXXX.spec
2020-03-28 14:52:07.711297 +0000 build-fedora2: + tmp_spec=/tmp/tmp.5XAuvp.spec
2020-03-28 14:52:07.714420 +0000 build-fedora2: ++ dirname /home/user/builder-r4.0/qubes-src/builder-rpm/scripts/query-spec
2020-03-28 14:52:07.724909 +0000 build-fedora2: + /home/user/builder-r4.0/qubes-src/builder-rpm/scripts/generate-spec qubes-src/tunnel/rpm_spec/qubes-tunnel.spec.in /tmp/tmp.5XAuvp.spec
2020-03-28 14:52:07.739365 +0000 build-fedora2: + '[' 2 -lt 2 ']'
2020-03-28 14:52:07.740007 +0000 build-fedora2: + '[' -z qubes-src/tunnel ']'
2020-03-28 14:52:07.740180 +0000 build-fedora2: + cp qubes-src/tunnel/rpm_spec/qubes-tunnel.spec.in qubes-src/tunnel/rpm_spec/qubes-tunnel.spec.in.tmp
2020-03-28 14:52:07.758440 +0000 build-fedora2: + read -r ver
2020-03-28 14:52:07.758494 +0000 build-fedora2: + '[' x = x ']'
2020-03-28 14:52:07.758531 +0000 build-fedora2: + sed -i 's|@VERSION@|1.4.1|g' qubes-src/tunnel/rpm_spec/qubes-tunnel.spec.in.tmp
2020-03-28 14:52:07.774919 +0000 build-fedora2: + vnum=1
2020-03-28 14:52:07.774967 +0000 build-fedora2: + read -r ver
2020-03-28 14:52:07.774998 +0000 build-fedora2: + '[' -e qubes-src/tunnel/rel ']'
2020-03-28 14:52:07.775030 +0000 build-fedora2: + grep -q @REL@ qubes-src/tunnel/rpm_spec/qubes-tunnel.spec.in.tmp
2020-03-28 14:52:07.787142 +0000 build-fedora2: + sed -i -e s:@BACKEND_VMM@:xen:g qubes-src/tunnel/rpm_spec/qubes-tunnel.spec.in.tmp
2020-03-28 14:52:07.803194 +0000 build-fedora2: + grep -q @CHANGELOG@ qubes-src/tunnel/rpm_spec/qubes-tunnel.spec.in.tmp
2020-03-28 14:52:07.818003 +0000 build-fedora2: + cat qubes-src/tunnel/rpm_spec/qubes-tunnel.spec.in.tmp
2020-03-28 14:52:07.831174 +0000 build-fedora2: + rm -rf qubes-src/tunnel/rpm_spec/qubes-tunnel.spec.in.tmp
2020-03-28 14:52:07.843368 +0000 build-fedora2: + '[' '%{SOURCE0}' = '%{SOURCE0}' ']'
2020-03-28 14:52:07.847088 +0000 build-fedora2: ++ dirname /home/user/builder-r4.0/qubes-src/builder-rpm/scripts/query-spec
2020-03-28 14:52:07.857420 +0000 build-fedora2: + /home/user/builder-r4.0/qubes-src/builder-rpm/scripts/../tools/spectool --list-files --source 0 /tmp/tmp.5XAuvp.spec
